time,index,x,y,z,pose_id
0:00:00.252103,0,0.4716874659061432,0.2536963224411011,-1.0465673208236694,APOLOGIZE 
0:00:00.252103,1,0.49263858795166016,0.21605096757411957,-0.973876953125,APOLOGIZE 
0:00:00.252103,2,0.5055564045906067,0.2182459831237793,-0.9739388227462769,APOLOGIZE 
0:00:00.252103,3,0.5190461874008179,0.22056818008422852,-0.9735978245735168,APOLOGIZE 
0:00:00.252103,4,0.44321131706237793,0.21250510215759277,-0.9972679018974304,APOLOGIZE 
0:00:00.252103,5,0.42493289709091187,0.21341776847839355,-0.9972168207168579,APOLOGIZE 
0:00:00.252103,6,0.4087238907814026,0.21618305146694183,-0.9980040788650513,APOLOGIZE 
0:00:00.252103,7,0.532279372215271,0.24906182289123535,-0.49117612838745117,APOLOGIZE 
0:00:00.252103,8,0.3844738006591797,0.24543918669223785,-0.5892549753189087,APOLOGIZE 
0:00:00.252103,9,0.4954325556755066,0.3233824372291565,-0.8646043539047241,APOLOGIZE 
0:00:00.252103,10,0.4369567334651947,0.32072803378105164,-0.8936659097671509,APOLOGIZE 
0:00:00.252103,11,0.6033215522766113,0.5405928492546082,-0.11063140630722046,APOLOGIZE 
0:00:00.252103,12,0.2823330760002136,0.5505453944206238,-0.4421694874763489,APOLOGIZE 
0:00:00.252103,13,0.6359094977378845,0.9501997232437134,-0.337246298789978,APOLOGIZE 
0:00:00.252103,14,0.21720345318317413,0.9683533906936646,-0.8609490394592285,APOLOGIZE 
0:00:00.252103,15,0.6045534610748291,0.9206231236457825,-1.0407713651657104,APOLOGIZE 
0:00:00.252103,16,0.4354437291622162,0.8308190107345581,-1.4886897802352905,APOLOGIZE 
0:00:00.252103,17,0.5100077986717224,0.8130291700363159,-1.1614047288894653,APOLOGIZE 
0:00:00.252103,18,0.4859248995780945,0.7739282250404358,-1.6257083415985107,APOLOGIZE 
0:00:00.252103,19,0.5032556653022766,0.7419673204421997,-1.1565337181091309,APOLOGIZE 
0:00:00.252103,20,0.4748169779777527,0.7152339220046997,-1.599822759628296,APOLOGIZE 
0:00:00.252103,21,0.5028728246688843,0.7509879469871521,-1.0621087551116943,APOLOGIZE 
0:00:00.252103,22,0.4631027579307556,0.7326643466949463,-1.4830760955810547,APOLOGIZE 
0:00:00.252103,23,0.5429156422615051,1.218746542930603,0.013290850445628166,APOLOGIZE 
0:00:00.252103,24,0.312441885471344,1.1747950315475464,-0.009869386442005634,APOLOGIZE 
0:00:00.252103,25,0.5295202732086182,1.722090244293213,0.10233817249536514,APOLOGIZE 
0:00:00.252103,26,0.29801154136657715,1.7044039964675903,0.0666048601269722,APOLOGIZE 
0:00:00.252103,27,0.5152924060821533,2.1623148918151855,0.6553406119346619,APOLOGIZE 
0:00:00.252103,28,0.282070130109787,2.1556668281555176,0.5564435720443726,APOLOGIZE 
0:00:00.252103,29,0.5179403424263,2.223236322402954,0.6770835518836975,APOLOGIZE 
0:00:00.252103,30,0.267049103975296,2.2228286266326904,0.5868769884109497,APOLOGIZE 
0:00:00.252103,31,0.47598153352737427,2.3209877014160156,0.13783326745033264,APOLOGIZE 
0:00:00.252103,32,0.31628990173339844,2.299537181854248,-0.008394641801714897,APOLOGIZE 
0:00:00.300892,0,0.47075557708740234,0.2535112500190735,-0.9391522407531738,APOLOGIZE 
0:00:00.300892,1,0.491844117641449,0.21545228362083435,-0.8627076148986816,APOLOGIZE 
0:00:00.300892,2,0.5052219033241272,0.21777565777301788,-0.8628711700439453,APOLOGIZE 
0:00:00.300892,3,0.5184517502784729,0.22037871181964874,-0.8625360727310181,APOLOGIZE 
0:00:00.300892,4,0.44273725152015686,0.21203115582466125,-0.8760062456130981,APOLOGIZE 
0:00:00.300892,5,0.4235806465148926,0.21301396191120148,-0.8757911920547485,APOLOGIZE 
0:00:00.300892,6,0.4069734513759613,0.21552936732769012,-0.8764811754226685,APOLOGIZE 
0:00:00.300892,7,0.5322778224945068,0.25038641691207886,-0.4048040807247162,APOLOGIZE 
0:00:00.300892,8,0.3819485604763031,0.2455097734928131,-0.4495924115180969,APOLOGIZE 
0:00:00.300892,9,0.4938909411430359,0.32074055075645447,-0.7718319892883301,APOLOGIZE 
0:00:00.300892,10,0.43455857038497925,0.31658124923706055,-0.7858476638793945,APOLOGIZE 
0:00:00.300892,11,0.6036792397499084,0.5405586957931519,-0.11179860681295395,APOLOGIZE 
0:00:00.300892,12,0.2809041738510132,0.5519430637359619,-0.3260383605957031,APOLOGIZE 
0:00:00.300892,13,0.6363095045089722,0.9388777613639832,-0.5089324712753296,APOLOGIZE 
0:00:00.300892,14,0.21713189780712128,0.9683361649513245,-0.7404293417930603,APOLOGIZE 
0:00:00.300892,15,0.5370895266532898,0.8653272986412048,-1.2758280038833618,APOLOGIZE 
0:00:00.300892,16,0.4304257035255432,0.8306819796562195,-1.2593884468078613,APOLOGIZE 
0:00:00.300892,17,0.5097627639770508,0.8088997602462769,-1.4116485118865967,APOLOGIZE 
0:00:00.300892,18,0.483283132314682,0.7792251110076904,-1.371848464012146,APOLOGIZE 
0:00:00.300892,19,0.5024176239967346,0.7373140454292297,-1.3739652633666992,APOLOGIZE 
0:00:00.300892,20,0.47395628690719604,0.7192163467407227,-1.3239810466766357,APOLOGIZE 
0:00:00.300892,21,0.5024758577346802,0.7436519265174866,-1.2848716974258423,APOLOGIZE 
0:00:00.300892,22,0.4612448811531067,0.732673704624176,-1.2432196140289307,APOLOGIZE 
0:00:00.300892,23,0.5440112352371216,1.2147213220596313,-0.009045423939824104,APOLOGIZE 
0:00:00.300892,24,0.30360543727874756,1.1969048976898193,0.01270198356360197,APOLOGIZE 
0:00:00.300892,25,0.5294998288154602,1.726906180381775,0.12530598044395447,APOLOGIZE 
0:00:00.300892,26,0.29210442304611206,1.7144874334335327,0.2674342691898346,APOLOGIZE 
0:00:00.300892,27,0.5174182057380676,2.1633992195129395,0.7496345639228821,APOLOGIZE 
0:00:00.300892,28,0.2820640504360199,2.157890796661377,0.907324492931366,APOLOGIZE 
0:00:00.300892,29,0.5201343297958374,2.2261860370635986,0.7813462615013123,APOLOGIZE 
0:00:00.300892,30,0.26707661151885986,2.224832057952881,0.9572137594223022,APOLOGIZE 
0:00:00.300892,31,0.48304224014282227,2.3216071128845215,0.2528488039970398,APOLOGIZE 
0:00:00.300892,32,0.318142831325531,2.305022716522217,0.3851105868816376,APOLOGIZE 
0:00:00.363393,0,0.47050920128822327,0.25337785482406616,-0.9286298751831055,APOLOGIZE 
0:00:00.363393,1,0.4915389120578766,0.21498383581638336,-0.852469265460968,APOLOGIZE 
0:00:00.363393,2,0.5051340460777283,0.21741527318954468,-0.8526488542556763,APOLOGIZE 
0:00:00.363393,3,0.518163800239563,0.2202049344778061,-0.8523365259170532,APOLOGIZE 
0:00:00.363393,4,0.4425758421421051,0.21161477267742157,-0.8687018156051636,APOLOGIZE 
0:00:00.363393,5,0.4229040741920471,0.21267229318618774,-0.8685023188591003,APOLOGIZE 
0:00:00.363393,6,0.40593424439430237,0.21506547927856445,-0.8692207336425781,APOLOGIZE 
0:00:00.363393,7,0.5322852730751038,0.2511250078678131,-0.3939496576786041,APOLOGIZE 
0:00:00.363393,8,0.3803183138370514,0.24566006660461426,-0.44987398386001587,APOLOGIZE 
0:00:00.363393,9,0.49315786361694336,0.3192692995071411,-0.7608015537261963,APOLOGIZE 
0:00:00.363393,10,0.433464378118515,0.3146652579307556,-0.7778390645980835,APOLOGIZE 
0:00:00.363393,11,0.604271650314331,0.540366530418396,-0.11611779779195786,APOLOGIZE 
0:00:00.363393,12,0.27987855672836304,0.5529468059539795,-0.330072283744812,APOLOGIZE 
0:00:00.363393,13,0.6362898349761963,0.9311015009880066,-0.5563295483589172,APOLOGIZE 
0:00:00.363393,14,0.21791955828666687,0.9678325653076172,-0.7086995840072632,APOLOGIZE 
0:00:00.363393,15,0.527396559715271,0.8394486904144287,-1.3677996397018433,APOLOGIZE 
0:00:00.363393,16,0.42842212319374084,0.8313137888908386,-1.1681866645812988,APOLOGIZE 
0:00:00.363393,17,0.5097581744194031,0.8003535866737366,-1.5118776559829712,APOLOGIZE 
0:00:00.363393,18,0.4819260239601135,0.7829331159591675,-1.2747232913970947,APOLOGIZE 
0:00:00.363393,19,0.5021473169326782,0.7305238246917725,-1.470070481300354,APOLOGIZE 
0:00:00.363393,20,0.4733884334564209,0.7224518060684204,-1.233738660812378,APOLOGIZE 
0:00:00.363393,21,0.502444326877594,0.7344931364059448,-1.3770334720611572,APOLOGIZE 
0:00:00.363393,22,0.4601686894893646,0.7329419255256653,-1.1534793376922607,APOLOGIZE 
0:00:00.363393,23,0.5457776784896851,1.2123125791549683,-0.013828517869114876,APOLOGIZE 
0:00:00.363393,24,0.3009476065635681,1.2054282426834106,0.017440233379602432,APOLOGIZE 
0:00:00.363393,25,0.5292996764183044,1.72897469997406,0.1379927545785904,APOLOGIZE 
0:00:00.363393,26,0.2868533134460449,1.7172939777374268,0.31087735295295715,APOLOGIZE 
0:00:00.363393,27,0.5174305438995361,2.163501739501953,0.7794866561889648,APOLOGIZE 
0:00:00.363393,28,0.2811133563518524,2.1580324172973633,0.983132004737854,APOLOGIZE 
0:00:00.363393,29,0.5201598405838013,2.2270331382751465,0.8131942749023438,APOLOGIZE 
0:00:00.363393,30,0.2665259540081024,2.2248806953430176,1.0369139909744263,APOLOGIZE 
0:00:00.363393,31,0.4841832220554352,2.3214540481567383,0.2845720052719116,APOLOGIZE 
0:00:00.363393,32,0.31819090247154236,2.306401252746582,0.46484845876693726,APOLOGIZE 
0:00:00.432466,0,0.4702654480934143,0.2532797157764435,-0.9261043667793274,APOLOGIZE 
0:00:00.432466,1,0.4912807047367096,0.2146516889333725,-0.8491737246513367,APOLOGIZE 
0:00:00.432466,2,0.5050485730171204,0.21716348826885223,-0.8493689298629761,APOLOGIZE 
0:00:00.432466,3,0.5179336667060852,0.22009369730949402,-0.8490701913833618,APOLOGIZE 
0:00:00.432466,4,0.44242945313453674,0.21129240095615387,-0.8654068112373352,APOLOGIZE 
0:00:00.432466,5,0.42239636182785034,0.2123938500881195,-0.8652092814445496,APOLOGIZE 
0:00:00.432466,6,0.4052037298679352,0.21468757092952728,-0.8659275770187378,APOLOGIZE 
0:00:00.432466,7,0.5322877168655396,0.25172001123428345,-0.38885045051574707,APOLOGIZE 
0:00:00.432466,8,0.37925320863723755,0.24575287103652954,-0.4445733428001404,APOLOGIZE 
0:00:00.432466,9,0.49253758788108826,0.31833916902542114,-0.7576025724411011,APOLOGIZE 
0:00:00.432466,10,0.43258386850357056,0.31335940957069397,-0.7747475504875183,APOLOGIZE 
0:00:00.432466,11,0.6046251058578491,0.5402415990829468,-0.11828472465276718,APOLOGIZE 
0:00:00.432466,12,0.27921056747436523,0.5533913373947144,-0.32730811834335327,APOLOGIZE 
0:00:00.432466,13,0.6362873911857605,0.9262267351150513,-0.5630680918693542,APOLOGIZE 
0:00:00.432466,14,0.21839812397956848,0.9659259915351868,-0.7232972383499146,APOLOGIZE 
0:00:00.432466,15,0.526887059211731,0.8300167918205261,-1.3637328147888184,APOLOGIZE 
0:00:00.432466,16,0.42743659019470215,0.8313455581665039,-1.2091972827911377,APOLOGIZE 
0:00:00.432466,17,0.5097640752792358,0.7945186495780945,-1.5070245265960693,APOLOGIZE 
0:00:00.432466,18,0.48107999563217163,0.7839227914810181,-1.3206634521484375,APOLOGIZE 
0:00:00.432466,19,0.5019514560699463,0.7247778177261353,-1.466068983078003,APOLOGIZE 
0:00:00.432466,20,0.4730786383152008,0.723546028137207,-1.2768638134002686,APOLOGIZE 
0:00:00.432466,21,0.5024325251579285,0.7281332612037659,-1.3726000785827637,APOLOGIZE 
0:00:00.432466,22,0.45960941910743713,0.7329463362693787,-1.1943562030792236,APOLOGIZE 
0:00:00.432466,23,0.5465948581695557,1.2093361616134644,-0.015745576471090317,APOLOGIZE 
0:00:00.432466,24,0.2988976836204529,1.2071820497512817,0.01933220401406288,APOLOGIZE 
0:00:00.432466,25,0.5292800068855286,1.7297269105911255,0.145077645778656,APOLOGIZE 
0:00:00.432466,26,0.2847805917263031,1.7184336185455322,0.3104899525642395,APOLOGIZE 
0:00:00.432466,27,0.5182039737701416,2.163541316986084,0.7834979891777039,APOLOGIZE 
0:00:00.432466,28,0.28110557794570923,2.1581013202667236,0.9755954742431641,APOLOGIZE 
0:00:00.432466,29,0.521011233329773,2.2274911403656006,0.816726803779602,APOLOGIZE 
0:00:00.432466,30,0.26657864451408386,2.2248950004577637,1.0283199548721313,APOLOGIZE 
0:00:00.432466,31,0.4866084158420563,2.3213281631469727,0.28696689009666443,APOLOGIZE 
0:00:00.432466,32,0.31911593675613403,2.3070640563964844,0.4566833972930908,APOLOGIZE 
0:00:00.516652,0,0.47008833289146423,0.2530898451805115,-0.9012355804443359,APOLOGIZE 
0:00:00.516652,1,0.4911123812198639,0.2142367959022522,-0.8275728225708008,APOLOGIZE 
0:00:00.516652,2,0.5049985647201538,0.2168092429637909,-0.8277784585952759,APOLOGIZE 
0:00:00.516652,3,0.5177792906761169,0.21985965967178345,-0.827496349811554,APOLOGIZE 
0:00:00.516652,4,0.44233566522598267,0.21095004677772522,-0.8424838781356812,APOLOGIZE 
0:00:00.516652,5,0.42207813262939453,0.21208953857421875,-0.8422631025314331,APOLOGIZE 
0:00:00.516652,6,0.40471190214157104,0.21430829167366028,-0.842944324016571,APOLOGIZE 
0:00:00.516652,7,0.5322905778884888,0.251901239156723,-0.3779885470867157,APOLOGIZE 
0:00:00.516652,8,0.3786175549030304,0.24578022956848145,-0.4304484724998474,APOLOGIZE 
0:00:00.516652,9,0.4922056794166565,0.31763315200805664,-0.7367621064186096,APOLOGIZE 
0:00:00.516652,10,0.4321405291557312,0.3123745322227478,-0.752909779548645,APOLOGIZE 
0:00:00.516652,11,0.604761004447937,0.540222704410553,-0.12179972976446152,APOLOGIZE 
0:00:00.516652,12,0.27849143743515015,0.5537542104721069,-0.30498769879341125,APOLOGIZE 
0:00:00.516652,13,0.6368030905723572,0.9267266988754272,-0.5800269842147827,APOLOGIZE 
0:00:00.516652,14,0.21794290840625763,0.9650394320487976,-0.7059211134910583,APOLOGIZE 
0:00:00.516652,15,0.5230981707572937,0.838503897190094,-1.3832895755767822,APOLOGIZE 
0:00:00.516652,16,0.42634469270706177,0.8316331505775452,-1.20833420753479,APOLOGIZE 
0:00:00.516652,17,0.5090591907501221,0.7911285758018494,-1.5274231433868408,APOLOGIZE 
0:00:00.516652,18,0.4797932207584381,0.7847886681556702,-1.319748044013977,APOLOGIZE 
0:00:00.516652,19,0.5008938312530518,0.7218143939971924,-1.4832236766815186,APOLOGIZE 
0:00:00.516652,20,0.4720187783241272,0.7242839336395264,-1.2731764316558838,APOLOGIZE 
0:00:00.516652,21,0.5020264387130737,0.7286555767059326,-1.3897384405136108,APOLOGIZE 
0:00:00.516652,22,0.4582200050354004,0.7329900860786438,-1.1929640769958496,APOLOGIZE 
0:00:00.516652,23,0.5466916561126709,1.2093374729156494,-0.01791165955364704,APOLOGIZE 
0:00:00.516652,24,0.29756471514701843,1.2106308937072754,0.021482178941369057,APOLOGIZE 
0:00:00.516652,25,0.5285286903381348,1.7339080572128296,0.14615117013454437,APOLOGIZE 
0:00:00.516652,26,0.28147000074386597,1.7218010425567627,0.31057974696159363,APOLOGIZE 
0:00:00.516652,27,0.5181598663330078,2.1667182445526123,0.7790356874465942,APOLOGIZE 
0:00:00.516652,28,0.2797711491584778,2.1608686447143555,0.9683935046195984,APOLOGIZE 
0:00:00.516652,29,0.5209960341453552,2.2322490215301514,0.8120136260986328,APOLOGIZE 
0:00:00.516652,30,0.2656570374965668,2.2278597354888916,1.0199329853057861,APOLOGIZE 
0:00:00.516652,31,0.48642951250076294,2.3238158226013184,0.28284984827041626,APOLOGIZE 
0:00:00.516652,32,0.31850528717041016,2.311410665512085,0.45045846700668335,APOLOGIZE 
0:00:00.592643,0,0.469949871301651,0.2529855966567993,-0.8855836987495422,APOLOGIZE 
0:00:00.592643,1,0.4909787178039551,0.2139834612607956,-0.8132259249687195,APOLOGIZE 
0:00:00.592643,2,0.5049525499343872,0.21660242974758148,-0.8134414553642273,APOLOGIZE 
0:00:00.592643,3,0.5176495909690857,0.21973954141139984,-0.8132027387619019,APOLOGIZE 
0:00:00.592643,4,0.4422803819179535,0.21070963144302368,-0.8272805213928223,APOLOGIZE 
0:00:00.592643,5,0.4218936860561371,0.2118576020002365,-0.8270524144172668,APOLOGIZE 
0:00:00.592643,6,0.40442052483558655,0.2140100747346878,-0.8277219533920288,APOLOGIZE 
0:00:00.592643,7,0.5322889685630798,0.2521148920059204,-0.36957859992980957,APOLOGIZE 
0:00:00.592643,8,0.3781648278236389,0.24579153954982758,-0.41926583647727966,APOLOGIZE 
0:00:00.592643,9,0.4919057786464691,0.3172212541103363,-0.7229761481285095,APOLOGIZE 
0:00:00.592643,10,0.4317757189273834,0.31172049045562744,-0.7384358644485474,APOLOGIZE 
0:00:00.592643,11,0.6048101186752319,0.5402172207832336,-0.12282270193099976,APOLOGIZE 
0:00:00.592643,12,0.277963250875473,0.5539234280586243,-0.28475743532180786,APOLOGIZE 
0:00:00.592643,13,0.6375621557235718,0.9273729920387268,-0.5796353816986084,APOLOGIZE 
0:00:00.592643,14,0.21761485934257507,0.9633950591087341,-0.6745938658714294,APOLOGIZE 
0:00:00.592643,15,0.5216598510742188,0.8428693413734436,-1.3752624988555908,APOLOGIZE 
0:00:00.592643,16,0.42531055212020874,0.8320059180259705,-1.1723018884658813,APOLOGIZE 
0:00:00.592643,17,0.5080090761184692,0.7902361750602722,-1.5187798738479614,APOLOGIZE 
0:00:00.592643,18,0.47864994406700134,0.7857924103736877,-1.280853033065796,APOLOGIZE 
0:00:00.592643,19,0.49963030219078064,0.7209146618843079,-1.4722975492477417,APOLOGIZE 
0:00:00.592643,20,0.47094106674194336,0.7249098420143127,-1.2348487377166748,APOLOGIZE 
0:00:00.592643,21,0.5001932382583618,0.7275863289833069,-1.3799705505371094,APOLOGIZE 
0:00:00.592643,22,0.45681095123291016,0.733051598072052,-1.1572000980377197,APOLOGIZE 
0:00:00.592643,23,0.5466936826705933,1.2093563079833984,-0.019994307309389114,APOLOGIZE 
0:00:00.592643,24,0.29680541157722473,1.2125029563903809,0.0235747080296278,APOLOGIZE 
0:00:00.592643,25,0.52608323097229,1.736775517463684,0.14419308304786682,APOLOGIZE 
0:00:00.592643,26,0.2764645218849182,1.7233203649520874,0.31036490201950073,APOLOGIZE 
0:00:00.592643,27,0.515833854675293,2.169379949569702,0.7736350297927856,APOLOGIZE 
0:00:00.592643,28,0.27497604489326477,2.1626436710357666,0.9622312784194946,APOLOGIZE 
0:00:00.592643,29,0.518549382686615,2.23580265045166,0.8067238926887512,APOLOGIZE 
0:00:00.592643,30,0.2613855004310608,2.2297325134277344,1.013045072555542,APOLOGIZE 
0:00:00.592643,31,0.4848540723323822,2.325784206390381,0.2795390486717224,APOLOGIZE 
0:00:00.592643,32,0.31396716833114624,2.3142571449279785,0.4464041590690613,APOLOGIZE 
0:00:00.673002,0,0.46991029381752014,0.25293925404548645,-0.907814621925354,APOLOGIZE 
0:00:00.673002,1,0.490936815738678,0.21374979615211487,-0.8365297317504883,APOLOGIZE 
0:00:00.673002,2,0.5049459338188171,0.21639369428157806,-0.8367104530334473,APOLOGIZE 
0:00:00.673002,3,0.5176036953926086,0.21959993243217468,-0.8364444971084595,APOLOGIZE 
0:00:00.673002,4,0.4422735273838043,0.21050061285495758,-0.853988528251648,APOLOGIZE 
0:00:00.673002,5,0.4218093454837799,0.2116422951221466,-0.853814959526062,APOLOGIZE 
0:00:00.673002,6,0.40422964096069336,0.21371933817863464,-0.8545374870300293,APOLOGIZE 
0:00:00.673002,7,0.5323091745376587,0.2522290050983429,-0.3852800726890564,APOLOGIZE 
0:00:00.673002,8,0.37786856293678284,0.2457941472530365,-0.4443722367286682,APOLOGIZE 
0:00:00.673002,9,0.49178576469421387,0.316966712474823,-0.7414655685424805,APOLOGIZE 
0:00:00.673002,10,0.43160533905029297,0.311305969953537,-0.7617291808128357,APOLOGIZE 
0:00:00.673002,11,0.6048914790153503,0.5402429699897766,-0.12274603545665741,APOLOGIZE 
0:00:00.673002,12,0.27766889333724976,0.5540446639060974,-0.31075602769851685,APOLOGIZE 
0:00:00.673002,13,0.6381949782371521,0.9278004169464111,-0.5393708944320679,APOLOGIZE 
0:00:00.673002,14,0.2170831263065338,0.960576593875885,-0.7467028498649597,APOLOGIZE 
0:00:00.673002,15,0.55258709192276,0.8447887301445007,-1.3133710622787476,APOLOGIZE 
0:00:00.673002,16,0.4250359535217285,0.8303043246269226,-1.3288695812225342,APOLOGIZE 
0:00:00.673002,17,0.507543683052063,0.7921406626701355,-1.45179283618927,APOLOGIZE 
0:00:00.673002,18,0.47844821214675903,0.7853754162788391,-1.4527910947799683,APOLOGIZE 
0:00:00.673002,19,0.4981692433357239,0.7212075591087341,-1.416327714920044,APOLOGIZE 
0:00:00.673002,20,0.47072774171829224,0.7246710062026978,-1.4006993770599365,APOLOGIZE 
0:00:00.673002,21,0.4995773434638977,0.7279460430145264,-1.3227953910827637,APOLOGIZE 
0:00:00.673002,22,0.4565851092338562,0.7321153283119202,-1.3138670921325684,APOLOGIZE 
0:00:00.673002,23,0.5467965006828308,1.209059238433838,-0.01876150630414486,APOLOGIZE 
0:00:00.673002,24,0.2964388132095337,1.2118560075759888,0.022305401042103767,APOLOGIZE 
0:00:00.673002,25,0.5244407057762146,1.7374595403671265,0.15472039580345154,APOLOGIZE 
0:00:00.673002,26,0.27545738220214844,1.7237080335617065,0.27660897374153137,APOLOGIZE 
0:00:00.673002,27,0.5148309469223022,2.1710283756256104,0.786883533000946,APOLOGIZE 
0:00:00.673002,28,0.27393168210983276,2.163405179977417,0.9079254865646362,APOLOGIZE 
0:00:00.673002,29,0.5175585746765137,2.2374227046966553,0.8191239237785339,APOLOGIZE 
0:00:00.673002,30,0.260431706905365,2.2302086353302,0.9558433294296265,APOLOGIZE 
0:00:00.673002,31,0.4837087094783783,2.3268415927886963,0.28516191244125366,APOLOGIZE 
0:00:00.673002,32,0.31310102343559265,2.314962863922119,0.3774370849132538,APOLOGIZE 
0:00:00.738706,0,0.4698767066001892,0.25287967920303345,-0.9120175242424011,APOLOGIZE 
0:00:00.738706,1,0.49090632796287537,0.2135370373725891,-0.8383466601371765,APOLOGIZE 
0:00:00.738706,2,0.5049399137496948,0.2161959856748581,-0.8385103940963745,APOLOGIZE 
0:00:00.738706,3,0.5175691843032837,0.21945622563362122,-0.83827143907547,APOLOGIZE 
0:00:00.738706,4,0.4422670900821686,0.21030718088150024,-0.8602262735366821,APOLOGIZE 
0:00:00.738706,5,0.4217395782470703,0.21143889427185059,-0.8601238131523132,APOLOGIZE 
0:00:00.738706,6,0.40408292412757874,0.21345052123069763,-0.8609158396720886,APOLOGIZE 
0:00:00.738706,7,0.5323308706283569,0.2522920072078705,-0.3909691870212555,APOLOGIZE 
0:00:00.738706,8,0.37764817476272583,0.24578872323036194,-0.4557228088378906,APOLOGIZE 
0:00:00.738706,9,0.49169397354125977,0.31672391295433044,-0.7442492246627808,APOLOGIZE 
0:00:00.738706,10,0.43146833777427673,0.31094473600387573,-0.7666624784469604,APOLOGIZE 
0:00:00.738706,11,0.6049718260765076,0.5402781367301941,-0.12336257845163345,APOLOGIZE 
0:00:00.738706,12,0.27744731307029724,0.5541512966156006,-0.32091954350471497,APOLOGIZE 
0:00:00.738706,13,0.6385969519615173,0.9283207058906555,-0.5233935117721558,APOLOGIZE 
0:00:00.738706,14,0.21646904945373535,0.9588704705238342,-0.7883213758468628,APOLOGIZE 
0:00:00.738706,15,0.5687368512153625,0.847955048084259,-1.2908313274383545,APOLOGIZE 
0:00:00.738706,16,0.4248166084289551,0.8291836380958557,-1.3869850635528564,APOLOGIZE 
0:00:00.738706,17,0.507236897945404,0.7936450839042664,-1.4275115728378296,APOLOGIZE 
0:00:00.738706,18,0.4783145487308502,0.7850704193115234,-1.5141016244888306,APOLOGIZE 
0:00:00.738706,19,0.49730730056762695,0.7214510440826416,-1.3951976299285889,APOLOGIZE 
0:00:00.738706,20,0.47055888175964355,0.724492073059082,-1.4646492004394531,APOLOGIZE 
0:00:00.738706,21,0.49917277693748474,0.728237509727478,-1.3016626834869385,APOLOGIZE 
0:00:00.738706,22,0.4564005434513092,0.7314332723617554,-1.373021125793457,APOLOGIZE 
0:00:00.738706,23,0.5468770861625671,1.2089366912841797,-0.01798802614212036,APOLOGIZE 
0:00:00.738706,24,0.2960575222969055,1.211465835571289,0.021500272676348686,APOLOGIZE 
0:00:00.738706,25,0.5240194797515869,1.7379497289657593,0.16020528972148895,APOLOGIZE 
0:00:00.738706,26,0.27558985352516174,1.724273443222046,0.26717206835746765,APOLOGIZE 
0:00:00.738706,27,0.514811635017395,2.1721878051757812,0.793603241443634,APOLOGIZE 
0:00:00.738706,28,0.27398115396499634,2.1643097400665283,0.901298999786377,APOLOGIZE 
0:00:00.738706,29,0.5175549387931824,2.2384698390960693,0.8255087733268738,APOLOGIZE 
0:00:00.738706,30,0.26047754287719727,2.23083758354187,0.9494603276252747,APOLOGIZE 
0:00:00.738706,31,0.48367196321487427,2.3277595043182373,0.28828200697898865,APOLOGIZE 
0:00:00.738706,32,0.3131430447101593,2.315749406814575,0.36694610118865967,APOLOGIZE 
0:00:00.812997,0,0.4698292315006256,0.25286656618118286,-0.8850552439689636,APOLOGIZE 
0:00:00.812997,1,0.4908377230167389,0.21346761286258698,-0.813459038734436,APOLOGIZE 
0:00:00.812997,2,0.5049158334732056,0.21613404154777527,-0.8136820793151855,APOLOGIZE 
0:00:00.812997,3,0.5175032615661621,0.21942652761936188,-0.8134533166885376,APOLOGIZE 
0:00:00.812997,4,0.4422711730003357,0.21022242307662964,-0.8269980549812317,APOLOGIZE 
0:00:00.812997,5,0.4217389225959778,0.21132582426071167,-0.8267385363578796,APOLOGIZE 
0:00:00.812997,6,0.40408048033714294,0.21327778697013855,-0.8274286985397339,APOLOGIZE 
0:00:00.812997,7,0.5323399305343628,0.25247398018836975,-0.3745090365409851,APOLOGIZE 
0:00:00.812997,8,0.37757158279418945,0.24575194716453552,-0.41836443543434143,APOLOGIZE 
0:00:00.812997,9,0.49156928062438965,0.31657925248146057,-0.7231571078300476,APOLOGIZE 
0:00:00.812997,10,0.4314013421535492,0.3106822371482849,-0.737574577331543,APOLOGIZE 
0:00:00.812997,11,0.6050524115562439,0.5403518676757812,-0.12936648726463318,APOLOGIZE 
0:00:00.812997,12,0.2774050831794739,0.5536664724349976,-0.2800084948539734,APOLOGIZE 
0:00:00.812997,13,0.6387224197387695,0.9317992329597473,-0.5984181761741638,APOLOGIZE 
0:00:00.812997,14,0.21546313166618347,0.9522665143013,-0.7027748823165894,APOLOGIZE 
0:00:00.812997,15,0.5444459915161133,0.8272603154182434,-1.4080052375793457,APOLOGIZE 
0:00:00.812997,16,0.42278456687927246,0.8259146213531494,-1.2592231035232544,APOLOGIZE 
0:00:00.812997,17,0.5068419575691223,0.7834827899932861,-1.5598102807998657,APOLOGIZE 
0:00:00.812997,18,0.47680482268333435,0.7843907475471497,-1.378584623336792,APOLOGIZE 
0:00:00.812997,19,0.4965633451938629,0.7121620178222656,-1.514923334121704,APOLOGIZE 
0:00:00.812997,20,0.46905916929244995,0.7218383550643921,-1.3314460515975952,APOLOGIZE 
0:00:00.812997,21,0.4985983371734619,0.7200084924697876,-1.413342833518982,APOLOGIZE 
0:00:00.812997,22,0.45504021644592285,0.7294054627418518,-1.246803879737854,APOLOGIZE 
0:00:00.812997,23,0.5457767844200134,1.2065585851669312,-0.020237430930137634,APOLOGIZE 
0:00:00.812997,24,0.29488879442214966,1.2065025568008423,0.023865140974521637,APOLOGIZE 
0:00:00.812997,25,0.520061194896698,1.7374184131622314,0.15781502425670624,APOLOGIZE 
0:00:00.812997,26,0.2690446972846985,1.7209933996200562,0.3100467324256897,APOLOGIZE 
0:00:00.812997,27,0.5086950063705444,2.17187237739563,0.7824085354804993,APOLOGIZE 
0:00:00.812997,28,0.2652559280395508,2.160364866256714,0.9697884321212769,APOLOGIZE 
0:00:00.812997,29,0.511673092842102,2.238339900970459,0.8129676580429077,APOLOGIZE 
0:00:00.812997,30,0.25185084342956543,2.2264344692230225,1.0213333368301392,APOLOGIZE 
0:00:00.812997,31,0.47529011964797974,2.3269917964935303,0.27808329463005066,APOLOGIZE 
0:00:00.812997,32,0.3037301301956177,2.312809705734253,0.4467128813266754,APOLOGIZE 
0:00:00.861238,0,0.46976137161254883,0.2528572082519531,-0.8959083557128906,APOLOGIZE 
0:00:00.861238,1,0.4907638430595398,0.21341176331043243,-0.8240750432014465,APOLOGIZE 
0:00:00.861238,2,0.5048799514770508,0.2160818725824356,-0.8242937922477722,APOLOGIZE 
0:00:00.861238,3,0.5174374580383301,0.21940092742443085,-0.8240510821342468,APOLOGIZE 
0:00:00.861238,4,0.4422689378261566,0.21015776693820953,-0.8372896909713745,APOLOGIZE 
0:00:00.861238,5,0.42173561453819275,0.2112434059381485,-0.8370170593261719,APOLOGIZE 
0:00:00.861238,6,0.40407776832580566,0.21315261721611023,-0.837689220905304,APOLOGIZE 
0:00:00.861238,7,0.5323459506034851,0.25261780619621277,-0.3802917003631592,APOLOGIZE 
0:00:00.861238,8,0.3775118291378021,0.24572134017944336,-0.4248906075954437,APOLOGIZE 
0:00:00.861238,9,0.4914158284664154,0.31645965576171875,-0.7326040267944336,APOLOGIZE 
0:00:00.861238,10,0.43130430579185486,0.3104992210865021,-0.7468253374099731,APOLOGIZE 
0:00:00.861238,11,0.605097234249115,0.5404115319252014,-0.14070555567741394,APOLOGIZE 
0:00:00.861238,12,0.27739354968070984,0.5531743168830872,-0.2882920801639557,APOLOGIZE 
0:00:00.861238,13,0.6387566328048706,0.9338553547859192,-0.6173397302627563,APOLOGIZE 
0:00:00.861238,14,0.21498075127601624,0.9490301012992859,-0.708871066570282,APOLOGIZE 
0:00:00.861238,15,0.5365645289421082,0.8204771876335144,-1.435478687286377,APOLOGIZE 
0:00:00.861238,16,0.42167019844055176,0.8239342570304871,-1.2610414028167725,APOLOGIZE 
0:00:00.861238,17,0.5069206953048706,0.7789475321769714,-1.5891120433807373,APOLOGIZE 
0:00:00.861238,18,0.47597891092300415,0.7838190793991089,-1.3807710409164429,APOLOGIZE 
0:00:00.861238,19,0.4965631067752838,0.7081475853919983,-1.5449402332305908,APOLOGIZE 
0:00:00.861238,20,0.4682665765285492,0.7203225493431091,-1.334958553314209,APOLOGIZE 
0:00:00.861238,21,0.498333603143692,0.7167497277259827,-1.4415339231491089,APOLOGIZE 
0:00:00.861238,22,0.45434314012527466,0.7282593846321106,-1.2488203048706055,APOLOGIZE 
0:00:00.861238,23,0.5449183583259583,1.2058957815170288,-0.0215337835252285,APOLOGIZE 
0:00:00.861238,24,0.2940954864025116,1.2046841382980347,0.025210509076714516,APOLOGIZE 
0:00:00.861238,25,0.5176653861999512,1.7371889352798462,0.15481755137443542,APOLOGIZE 
0:00:00.861238,26,0.26606887578964233,1.719791293144226,0.3356885313987732,APOLOGIZE 
0:00:00.861238,27,0.504477858543396,2.171799421310425,0.7828120589256287,APOLOGIZE 
0:00:00.861238,28,0.2609153389930725,2.15863299369812,1.0162792205810547,APOLOGIZE 
0:00:00.861238,29,0.5075629949569702,2.238231658935547,0.8151144981384277,APOLOGIZE 
0:00:00.861238,30,0.24747654795646667,2.2244820594787598,1.070393443107605,APOLOGIZE 
0:00:00.861238,31,0.469980388879776,2.3264923095703125,0.27690139412879944,APOLOGIZE 
0:00:00.861238,32,0.29907938838005066,2.3115603923797607,0.49417465925216675,APOLOGIZE 
0:00:00.902412,0,0.4694022238254547,0.252815306186676,-0.905041515827179,APOLOGIZE 
0:00:00.902412,1,0.4905704855918884,0.21327783167362213,-0.8327658772468567,APOLOGIZE 
0:00:00.902412,2,0.5047429800033569,0.21595163643360138,-0.832983672618866,APOLOGIZE 
0:00:00.902412,3,0.5173190832138062,0.21931235492229462,-0.8327351808547974,APOLOGIZE 
0:00:00.902412,4,0.44222187995910645,0.2100115716457367,-0.8457688093185425,APOLOGIZE 
0:00:00.902412,5,0.42167192697525024,0.21105170249938965,-0.8454856872558594,APOLOGIZE 
0:00:00.902412,6,0.4040248394012451,0.21287161111831665,-0.8461534380912781,APOLOGIZE 
0:00:00.902412,7,0.5323641896247864,0.25266486406326294,-0.38499557971954346,APOLOGIZE 
0:00:00.902412,8,0.3774711489677429,0.24556560814380646,-0.4283422827720642,APOLOGIZE 
0:00:00.902412,9,0.4910590648651123,0.31618228554725647,-0.7403540015220642,APOLOGIZE 
0:00:00.902412,10,0.4309413433074951,0.3101353943347931,-0.754478931427002,APOLOGIZE 
0:00:00.902412,11,0.6051085591316223,0.5404008626937866,-0.14889365434646606,APOLOGIZE 
0:00:00.902412,12,0.2773893475532532,0.5527381896972656,-0.28973159193992615,APOLOGIZE 
0:00:00.902412,13,0.6388266682624817,0.93398118019104,-0.6343477964401245,APOLOGIZE 
0:00:00.902412,14,0.2149006575345993,0.9461023211479187,-0.7170678973197937,APOLOGIZE 
0:00:00.902412,15,0.5356274843215942,0.8136709332466125,-1.461042046546936,APOLOGIZE 
0:00:00.902412,16,0.4210411608219147,0.8203464150428772,-1.2741925716400146,APOLOGIZE 
0:00:00.902412,17,0.5081444978713989,0.7728375196456909,-1.6154142618179321,APOLOGIZE 
0:00:00.902412,18,0.47528165578842163,0.7802405953407288,-1.3946236371994019,APOLOGIZE 
0:00:00.902412,19,0.4970279335975647,0.7040289044380188,-1.5701910257339478,APOLOGIZE 
0:00:00.902412,20,0.467813104391098,0.7189441323280334,-1.350282073020935,APOLOGIZE 
0:00:00.902412,21,0.4983346462249756,0.7139543890953064,-1.4668627977371216,APOLOGIZE 
0:00:00.902412,22,0.4540559649467468,0.7274361848831177,-1.2620192766189575,APOLOGIZE 
0:00:00.902412,23,0.5439496636390686,1.2055641412734985,-0.023962989449501038,APOLOGIZE 
0:00:00.902412,24,0.2938946485519409,1.2033568620681763,0.027668233960866928,APOLOGIZE 
0:00:00.902412,25,0.5166201591491699,1.7367573976516724,0.15445175766944885,APOLOGIZE 
0:00:00.902412,26,0.2648455798625946,1.7188910245895386,0.34437188506126404,APOLOGIZE 
0:00:00.902412,27,0.502789318561554,2.171485424041748,0.778510570526123,APOLOGIZE 
0:00:00.902412,28,0.25862258672714233,2.1572680473327637,1.0267894268035889,APOLOGIZE 
0:00:00.902412,29,0.5059289336204529,2.2380263805389404,0.8106722831726074,APOLOGIZE 
0:00:00.902412,30,0.24515466392040253,2.222973108291626,1.0812644958496094,APOLOGIZE 
0:00:00.902412,31,0.46774324774742126,2.3258273601531982,0.27230674028396606,APOLOGIZE 
0:00:00.902412,32,0.29660484194755554,2.3102927207946777,0.5039998292922974,APOLOGIZE 
0:00:00.949914,0,0.4690861701965332,0.2527741491794586,-0.9101285934448242,APOLOGIZE 
0:00:00.949914,1,0.49039894342422485,0.21315480768680573,-0.8376877903938293,APOLOGIZE 
0:00:00.949914,2,0.5046191215515137,0.21582987904548645,-0.8378835916519165,APOLOGIZE 
0:00:00.949914,3,0.5172199606895447,0.21922989189624786,-0.8376165628433228,APOLOGIZE 
0:00:00.949914,4,0.4421704411506653,0.2098863273859024,-0.851850688457489,APOLOGIZE 
0:00:00.949914,5,0.4216093122959137,0.21090160310268402,-0.8515937924385071,APOLOGIZE 
0:00:00.949914,6,0.40397876501083374,0.21266718208789825,-0.8522711992263794,APOLOGIZE 
0:00:00.949914,7,0.532396674156189,0.2527170777320862,-0.3876000642776489,APOLOGIZE 
0:00:00.949914,8,0.37744444608688354,0.24545606970787048,-0.4325035512447357,APOLOGIZE 
0:00:00.949914,9,0.4907761216163635,0.31596097350120544,-0.7439829111099243,APOLOGIZE 
0:00:00.949914,10,0.4306464195251465,0.30983802676200867,-0.759949803352356,APOLOGIZE 
0:00:00.949914,11,0.605115532875061,0.540402352809906,-0.1530894935131073,APOLOGIZE 
0:00:00.949914,12,0.2773750424385071,0.5526113510131836,-0.2927135229110718,APOLOGIZE 
0:00:00.949914,13,0.6389731764793396,0.9345101118087769,-0.6319867372512817,APOLOGIZE 
0:00:00.949914,14,0.2147320955991745,0.9446164965629578,-0.7214463949203491,APOLOGIZE 
0:00:00.949914,15,0.5490781664848328,0.7921573519706726,-1.4547194242477417,APOLOGIZE 
0:00:00.949914,16,0.42046689987182617,0.8185702562332153,-1.2808984518051147,APOLOGIZE 
0:00:00.949914,17,0.5089584589004517,0.7703656554222107,-1.6090749502182007,APOLOGIZE 
0:00:00.949914,18,0.4748240113258362,0.7798048853874207,-1.4016603231430054,APOLOGIZE 
0:00:00.949914,19,0.49725738167762756,0.7024909257888794,-1.565490961074829,APOLOGIZE 
0:00:00.949914,20,0.4674460291862488,0.7181915640830994,-1.3578296899795532,APOLOGIZE 
0:00:00.949914,21,0.49832525849342346,0.7129399180412292,-1.4612343311309814,APOLOGIZE 
0:00:00.949914,22,0.45380091667175293,0.7270131707191467,-1.268747091293335,APOLOGIZE 
0:00:00.949914,23,0.5431300401687622,1.2054859399795532,-0.02579379454255104,APOLOGIZE 
0:00:00.949914,24,0.29366832971572876,1.2032248973846436,0.02952953241765499,APOLOGIZE 
0:00:00.949914,25,0.5159730315208435,1.7364815473556519,0.15340229868888855,APOLOGIZE 
0:00:00.949914,26,0.26435181498527527,1.7185872793197632,0.34772035479545593,APOLOGIZE 
0:00:00.949914,27,0.5020185708999634,2.1713826656341553,0.7770581841468811,APOLOGIZE 
0:00:00.949914,28,0.25767192244529724,2.156846284866333,1.0308114290237427,APOLOGIZE 
0:00:00.949914,29,0.5051794052124023,2.2379822731018066,0.8093589544296265,APOLOGIZE 
0:00:00.949914,30,0.24420320987701416,2.222536563873291,1.0853524208068848,APOLOGIZE 
0:00:00.949914,31,0.46672192215919495,2.3255739212036133,0.2697247266769409,APOLOGIZE 
0:00:00.949914,32,0.29559922218322754,2.3099515438079834,0.5061244368553162,APOLOGIZE 
0:00:01.012168,0,0.46876925230026245,0.25259384512901306,-0.9370712041854858,APOLOGIZE 
0:00:01.012168,1,0.4902559220790863,0.2129281610250473,-0.8579805493354797,APOLOGIZE 
0:00:01.012168,2,0.5045139193534851,0.21562378108501434,-0.8581719398498535,APOLOGIZE 
0:00:01.012168,3,0.5171346068382263,0.21907667815685272,-0.8579112887382507,APOLOGIZE 
0:00:01.012168,4,0.44206538796424866,0.209693044424057,-0.8712916374206543,APOLOGIZE 
0:00:01.012168,5,0.4214504361152649,0.2107020914554596,-0.8710403442382812,APOLOGIZE 
0:00:01.012168,6,0.4038615822792053,0.21241791546344757,-0.8717032670974731,APOLOGIZE 
0:00:01.012168,7,0.5324003100395203,0.2527289390563965,-0.3877740502357483,APOLOGIZE 
0:00:01.012168,8,0.3774126172065735,0.24525998532772064,-0.4361003339290619,APOLOGIZE 
0:00:01.012168,9,0.4905086159706116,0.31570616364479065,-0.7638888359069824,APOLOGIZE 
0:00:01.012168,10,0.4301909804344177,0.3093792200088501,-0.7778303623199463,APOLOGIZE 
0:00:01.012168,11,0.6050673127174377,0.5403984785079956,-0.14309518039226532,APOLOGIZE 
0:00:01.012168,12,0.27713635563850403,0.5526520013809204,-0.30550891160964966,APOLOGIZE 
0:00:01.012168,13,0.6386663913726807,0.932658314704895,-0.5792447328567505,APOLOGIZE 
0:00:01.012168,14,0.21425047516822815,0.94342440366745,-0.7904826402664185,APOLOGIZE 
0:00:01.012168,15,0.5723752379417419,0.8004974722862244,-1.3601963520050049,APOLOGIZE 
0:00:01.012168,16,0.42033466696739197,0.8153971433639526,-1.3936727046966553,APOLOGIZE 
0:00:01.012168,17,0.5134484171867371,0.7716336846351624,-1.5056737661361694,APOLOGIZE 
0:00:01.012168,18,0.4744444489479065,0.7763559818267822,-1.5231481790542603,APOLOGIZE 
0:00:01.012168,19,0.49829021096229553,0.7032844424247742,-1.4782589673995972,APOLOGIZE 
0:00:01.012168,20,0.4673103392124176,0.7168538570404053,-1.475935459136963,APOLOGIZE 
0:00:01.012168,21,0.4995262622833252,0.7135978937149048,-1.373287320137024,APOLOGIZE 
0:00:01.012168,22,0.4536871910095215,0.7258949279785156,-1.3811053037643433,APOLOGIZE 
0:00:01.012168,23,0.5430952310562134,1.2051032781600952,-0.025655601173639297,APOLOGIZE 
0:00:01.012168,24,0.2932598292827606,1.2023522853851318,0.029399778693914413,APOLOGIZE 
0:00:01.012168,25,0.5158575177192688,1.7364356517791748,0.15190854668617249,APOLOGIZE 
0:00:01.012168,26,0.26478028297424316,1.7186731100082397,0.32937952876091003,APOLOGIZE 
0:00:01.012168,27,0.5021332502365112,2.1715915203094482,0.7752128839492798,APOLOGIZE 
0:00:01.012168,28,0.25791555643081665,2.157292604446411,0.9914299249649048,APOLOGIZE 
0:00:01.012168,29,0.5051225423812866,2.2381181716918945,0.8073582649230957,APOLOGIZE 
0:00:01.012168,30,0.2443511188030243,2.2227985858917236,1.0432056188583374,APOLOGIZE 
0:00:01.012168,31,0.46703338623046875,2.3256521224975586,0.26869410276412964,APOLOGIZE 
0:00:01.012168,32,0.29595503211021423,2.3103134632110596,0.4644846022129059,APOLOGIZE 
0:00:01.089381,0,0.46847930550575256,0.25242629647254944,-0.9498659372329712,APOLOGIZE 
0:00:01.089381,1,0.4901157021522522,0.2127205729484558,-0.868928074836731,APOLOGIZE 
0:00:01.089381,2,0.5044038891792297,0.21543021500110626,-0.8691222071647644,APOLOGIZE 
0:00:01.089381,3,0.5170458555221558,0.21892473101615906,-0.8688596487045288,APOLOGIZE 
0:00:01.089381,4,0.44195446372032166,0.20952333509922028,-0.881746768951416,APOLOGIZE 
0:00:01.089381,5,0.42129096388816833,0.21053151786327362,-0.8814898729324341,APOLOGIZE 
0:00:01.089381,6,0.40374213457107544,0.21220996975898743,-0.88214510679245,APOLOGIZE 
0:00:01.089381,7,0.5324019193649292,0.25274455547332764,-0.38925182819366455,APOLOGIZE 
0:00:01.089381,8,0.377383291721344,0.2450922429561615,-0.4385199546813965,APOLOGIZE 
0:00:01.089381,9,0.4902898669242859,0.31546929478645325,-0.7749576568603516,APOLOGIZE 
0:00:01.089381,10,0.42979544401168823,0.30898940563201904,-0.7879403233528137,APOLOGIZE 
0:00:01.089381,11,0.6050125360488892,0.5403995513916016,-0.14053888618946075,APOLOGIZE 
0:00:01.089381,12,0.27691274881362915,0.5527172088623047,-0.3105026185512543,APOLOGIZE 
0:00:01.089381,13,0.6383529901504517,0.9318966269493103,-0.5678860545158386,APOLOGIZE 
0:00:01.089381,14,0.21399398148059845,0.9427806735038757,-0.8017393350601196,APOLOGIZE 
0:00:01.089381,15,0.5794029235839844,0.8053122758865356,-1.339522123336792,APOLOGIZE 
0:00:01.089381,16,0.42021727561950684,0.8136530518531799,-1.4039167165756226,APOLOGIZE 
0:00:01.089381,17,0.5137681365013123,0.7725246548652649,-1.4833519458770752,APOLOGIZE 
0:00:01.089381,18,0.4740909934043884,0.7741772532463074,-1.5329787731170654,APOLOGIZE 
0:00:01.089381,19,0.49897319078445435,0.7038140892982483,-1.4563956260681152,APOLOGIZE 
0:00:01.089381,20,0.4671648144721985,0.7159392833709717,-1.485421895980835,APOLOGIZE 
0:00:01.089381,21,0.5003021359443665,0.7140682339668274,-1.3526942729949951,APOLOGIZE 
0:00:01.089381,22,0.4535679221153259,0.725145161151886,-1.3912456035614014,APOLOGIZE 
0:00:01.089381,23,0.5430225133895874,1.2049003839492798,-0.025051862001419067,APOLOGIZE 
0:00:01.089381,24,0.29288017749786377,1.2017425298690796,0.028780868276953697,APOLOGIZE 
0:00:01.089381,25,0.5159263610839844,1.7363775968551636,0.15170498192310333,APOLOGIZE 
0:00:01.089381,26,0.2651759088039398,1.7188886404037476,0.32113438844680786,APOLOGIZE 
0:00:01.089381,27,0.5022784471511841,2.171779155731201,0.774903416633606,APOLOGIZE 
0:00:01.089381,28,0.25833213329315186,2.15791392326355,0.9811803102493286,APOLOGIZE 
0:00:01.089381,29,0.5052939057350159,2.2382633686065674,0.8071303367614746,APOLOGIZE 
0:00:01.089381,30,0.2447427213191986,2.223327159881592,1.0327969789505005,APOLOGIZE 
0:00:01.089381,31,0.46721333265304565,2.3258111476898193,0.2660794258117676,APOLOGIZE 
0:00:01.089381,32,0.29640859365463257,2.3108551502227783,0.45073097944259644,APOLOGIZE 
0:00:01.149759,0,0.46812325716018677,0.25234997272491455,-0.9397464990615845,APOLOGIZE 
0:00:01.149759,1,0.4899902939796448,0.2125980257987976,-0.8606389760971069,APOLOGIZE 
0:00:01.149759,2,0.5043132305145264,0.21533659100532532,-0.8608499765396118,APOLOGIZE 
0:00:01.149759,3,0.5169774889945984,0.218877375125885,-0.8605693578720093,APOLOGIZE 
0:00:01.149759,4,0.4418126940727234,0.20941703021526337,-0.8734898567199707,APOLOGIZE 
0:00:01.149759,5,0.4211115837097168,0.2104276567697525,-0.8732196092605591,APOLOGIZE 
0:00:01.149759,6,0.4036216735839844,0.21209029853343964,-0.8738895654678345,APOLOGIZE 
0:00:01.149759,7,0.5324046015739441,0.2527928352355957,-0.38790982961654663,APOLOGIZE 
0:00:01.149759,8,0.3773694634437561,0.24500103294849396,-0.434893935918808,APOLOGIZE 
0:00:01.149759,9,0.49006080627441406,0.31537550687789917,-0.767163097858429,APOLOGIZE 
0:00:01.149759,10,0.429354727268219,0.3087138831615448,-0.7802100777626038,APOLOGIZE 
0:00:01.149759,11,0.6049739718437195,0.5403746962547302,-0.13722118735313416,APOLOGIZE 
0:00:01.149759,12,0.27688103914260864,0.5526502728462219,-0.3017914891242981,APOLOGIZE 
0:00:01.149759,13,0.6379541158676147,0.9320411682128906,-0.583244800567627,APOLOGIZE 
0:00:01.149759,14,0.21402624249458313,0.9424194693565369,-0.7333681583404541,APOLOGIZE 
0:00:01.149759,15,0.5497725009918213,0.808417022228241,-1.4155466556549072,APOLOGIZE 
0:00:01.149759,16,0.4214760363101959,0.8114244341850281,-1.2547502517700195,APOLOGIZE 
0:00:01.149759,17,0.514557421207428,0.7687116861343384,-1.567903995513916,APOLOGIZE 
0:00:01.149759,18,0.4747620224952698,0.7698366045951843,-1.3697113990783691,APOLOGIZE 
0:00:01.149759,19,0.5006774663925171,0.6970922946929932,-1.5299948453903198,APOLOGIZE 
0:00:01.149759,20,0.46894773840904236,0.7126662731170654,-1.3242377042770386,APOLOGIZE 
0:00:01.149759,21,0.5018435120582581,0.7083985209465027,-1.425524115562439,APOLOGIZE 
0:00:01.149759,22,0.4550211429595947,0.7224711179733276,-1.2402944564819336,APOLOGIZE 
0:00:01.149759,23,0.5427963137626648,1.204013466835022,-0.025015389546751976,APOLOGIZE 
0:00:01.149759,24,0.2924899756908417,1.197996973991394,0.028739262372255325,APOLOGIZE 
0:00:01.149759,25,0.5159426927566528,1.7353947162628174,0.13626299798488617,APOLOGIZE 
0:00:01.149759,26,0.26546385884284973,1.7184720039367676,0.3202968239784241,APOLOGIZE 
0:00:01.149759,27,0.5024264454841614,2.1708502769470215,0.7533664107322693,APOLOGIZE 
0:00:01.149759,28,0.2586437463760376,2.1576168537139893,0.9801419973373413,APOLOGIZE 
0:00:01.149759,29,0.5054215788841248,2.23697566986084,0.7845973372459412,APOLOGIZE 
0:00:01.149759,30,0.24503915011882782,2.2228763103485107,1.0318565368652344,APOLOGIZE 
0:00:01.149759,31,0.46742135286331177,2.324986696243286,0.2440851628780365,APOLOGIZE 
0:00:01.149759,32,0.29675132036209106,2.3105170726776123,0.4510136544704437,APOLOGIZE 
0:00:01.235490,0,0.46782225370407104,0.2522626519203186,-0.9357760548591614,APOLOGIZE 
0:00:01.235490,1,0.4898849129676819,0.21247513592243195,-0.8573096990585327,APOLOGIZE 
0:00:01.235490,2,0.5042380094528198,0.21524009108543396,-0.8575228452682495,APOLOGIZE 
0:00:01.235490,3,0.5169228315353394,0.21882298588752747,-0.8572349548339844,APOLOGIZE 
0:00:01.235490,4,0.4416683614253998,0.20930394530296326,-0.8703444600105286,APOLOGIZE 
0:00:01.235490,5,0.42093315720558167,0.21031737327575684,-0.870064914226532,APOLOGIZE 
0:00:01.235490,6,0.40350231528282166,0.21197247505187988,-0.8707412481307983,APOLOGIZE 
0:00:01.235490,7,0.5324073433876038,0.2528272867202759,-0.3872082233428955,APOLOGIZE 
0:00:01.235490,8,0.3773581385612488,0.24492883682250977,-0.4334053099155426,APOLOGIZE 
0:00:01.235490,9,0.489872545003891,0.3152807652950287,-0.7639669179916382,APOLOGIZE 
0:00:01.235490,10,0.42897719144821167,0.3084815740585327,-0.7772210836410522,APOLOGIZE 
0:00:01.235490,11,0.6049282550811768,0.5403732061386108,-0.13438120484352112,APOLOGIZE 
0:00:01.235490,12,0.27685198187828064,0.5526406764984131,-0.29909461736679077,APOLOGIZE 
0:00:01.235490,13,0.6376698017120361,0.9322071075439453,-0.5858360528945923,APOLOGIZE 
0:00:01.235490,14,0.21402093768119812,0.9423373937606812,-0.7121690511703491,APOLOGIZE 
0:00:01.235490,15,0.5391518473625183,0.810373842716217,-1.4260598421096802,APOLOGIZE 
0:00:01.235490,16,0.42230018973350525,0.8101940751075745,-1.2209250926971436,APOLOGIZE 
0:00:01.235490,17,0.515356719493866,0.7667995691299438,-1.5789177417755127,APOLOGIZE 
0:00:01.235490,18,0.47529125213623047,0.7676095366477966,-1.3344554901123047,APOLOGIZE 
0:00:01.235490,19,0.5019859075546265,0.6940763592720032,-1.5397133827209473,APOLOGIZE 
0:00:01.235490,20,0.47011297941207886,0.7109139561653137,-1.290313482284546,APOLOGIZE 
0:00:01.235490,21,0.5029831528663635,0.705841600894928,-1.4356755018234253,APOLOGIZE 
0:00:01.235490,22,0.45597895979881287,0.7209818363189697,-1.2065925598144531,APOLOGIZE 
0:00:01.235490,23,0.542481541633606,1.2035843133926392,-0.02521604299545288,APOLOGIZE 
0:00:01.235490,24,0.29213330149650574,1.196942925453186,0.02893778122961521,APOLOGIZE 
0:00:01.235490,25,0.5159832835197449,1.7345255613327026,0.1281474381685257,APOLOGIZE 
0:00:01.235490,26,0.26563939452171326,1.718162178993225,0.32257649302482605,APOLOGIZE 
0:00:01.235490,27,0.5025345683097839,2.1699459552764893,0.7428271770477295,APOLOGIZE 
0:00:01.235490,28,0.25873005390167236,2.1572630405426025,0.9855135679244995,APOLOGIZE 
0:00:01.235490,29,0.5055082440376282,2.2357022762298584,0.7735882997512817,APOLOGIZE 
0:00:01.235490,30,0.2451150119304657,2.2223587036132812,1.0377899408340454,APOLOGIZE 
0:00:01.235490,31,0.46750378608703613,2.3242430686950684,0.23279666900634766,APOLOGIZE 
0:00:01.235490,32,0.29682841897010803,2.3100900650024414,0.45730066299438477,APOLOGIZE 
0:00:01.313994,0,0.467599093914032,0.25218188762664795,-0.9147832989692688,APOLOGIZE 
0:00:01.313994,1,0.4897603392601013,0.21236857771873474,-0.8399553298950195,APOLOGIZE 
0:00:01.313994,2,0.5041387677192688,0.21515943109989166,-0.8401803970336914,APOLOGIZE 
0:00:01.313994,3,0.5168631672859192,0.21877694129943848,-0.8398699760437012,APOLOGIZE 
0:00:01.313994,4,0.4415205121040344,0.209223210811615,-0.8533769845962524,APOLOGIZE 
0:00:01.313994,5,0.42078447341918945,0.2102471888065338,-0.8530926704406738,APOLOGIZE 
0:00:01.313994,6,0.40342092514038086,0.21191850304603577,-0.8537849187850952,APOLOGIZE 
0:00:01.313994,7,0.5324129462242126,0.2528393864631653,-0.38239049911499023,APOLOGIZE 
0:00:01.313994,8,0.37735578417778015,0.24491997063159943,-0.42867550253868103,APOLOGIZE 
0:00:01.313994,9,0.48979467153549194,0.31515225768089294,-0.7479677796363831,APOLOGIZE 
0:00:01.313994,10,0.42877596616744995,0.30825668573379517,-0.761978268623352,APOLOGIZE 
0:00:01.313994,11,0.60496586561203,0.5402310490608215,-0.13424286246299744,APOLOGIZE 
0:00:01.313994,12,0.27694183588027954,0.5525797605514526,-0.29263174533843994,APOLOGIZE 
0:00:01.313994,13,0.6376432776451111,0.9333163499832153,-0.605985164642334,APOLOGIZE 
0:00:01.313994,14,0.21406319737434387,0.942398190498352,-0.6728095412254333,APOLOGIZE 
0:00:01.313994,15,0.5329289436340332,0.8112618923187256,-1.4541627168655396,APOLOGIZE 
0:00:01.313994,16,0.42358750104904175,0.8095031976699829,-1.1347918510437012,APOLOGIZE 
0:00:01.313994,17,0.5155029296875,0.756230890750885,-1.6073496341705322,APOLOGIZE 
0:00:01.313994,18,0.4759654402732849,0.7668554186820984,-1.2398483753204346,APOLOGIZE 
0:00:01.313994,19,0.5023170709609985,0.6859920024871826,-1.5629045963287354,APOLOGIZE 
0:00:01.313994,20,0.47106462717056274,0.7103820443153381,-1.1961628198623657,APOLOGIZE 
0:00:01.313994,21,0.5027791857719421,0.7041441798210144,-1.4615130424499512,APOLOGIZE 
0:00:01.313994,22,0.4568156599998474,0.7205184102058411,-1.119512915611267,APOLOGIZE 
0:00:01.313994,23,0.5424827337265015,1.197869062423706,-0.024990519508719444,APOLOGIZE 
0:00:01.313994,24,0.2921065092086792,1.1936802864074707,0.028707319870591164,APOLOGIZE 
0:00:01.313994,25,0.5167981386184692,1.7337652444839478,0.12062845379114151,APOLOGIZE 
0:00:01.313994,26,0.26598256826400757,1.7175167798995972,0.3242477476596832,APOLOGIZE 
0:00:01.313994,27,0.5038008689880371,2.1687300205230713,0.7364100813865662,APOLOGIZE 
0:00:01.313994,28,0.26026245951652527,2.1567304134368896,0.989205002784729,APOLOGIZE 
0:00:01.313994,29,0.5069510340690613,2.2339909076690674,0.7675980925559998,APOLOGIZE 
0:00:01.313994,30,0.24679605662822723,2.2216203212738037,1.0418832302093506,APOLOGIZE 
0:00:01.313994,31,0.46952205896377563,2.3232979774475098,0.2293299436569214,APOLOGIZE 
0:00:01.313994,32,0.2987251281738281,2.309469699859619,0.4650436341762543,APOLOGIZE 
0:00:01.373096,0,0.46741580963134766,0.25207534432411194,-0.9020163416862488,APOLOGIZE 
0:00:01.373096,1,0.4896419048309326,0.212270587682724,-0.8284716606140137,APOLOGIZE 
0:00:01.373096,2,0.5040412545204163,0.215086430311203,-0.8286948204040527,APOLOGIZE 
0:00:01.373096,3,0.516808271408081,0.2187366783618927,-0.82838374376297,APOLOGIZE 
0:00:01.373096,4,0.44136762619018555,0.20913121104240417,-0.8418952822685242,APOLOGIZE 
0:00:01.373096,5,0.4206370711326599,0.21015863120555878,-0.8416005373001099,APOLOGIZE 
0:00:01.373096,6,0.403339147567749,0.21184436976909637,-0.84229576587677,APOLOGIZE 
0:00:01.373096,7,0.5324157476425171,0.2528517544269562,-0.3767023980617523,APOLOGIZE 
0:00:01.373096,8,0.3773534297943115,0.2449030578136444,-0.4225284457206726,APOLOGIZE 
0:00:01.373096,9,0.4897344708442688,0.3150215446949005,-0.737034022808075,APOLOGIZE 
0:00:01.373096,10,0.4286028742790222,0.3080415427684784,-0.751244068145752,APOLOGIZE 
0:00:01.373096,11,0.6049872040748596,0.540138840675354,-0.13190503418445587,APOLOGIZE 
0:00:01.373096,12,0.27699536085128784,0.5524856448173523,-0.2857559323310852,APOLOGIZE 
0:00:01.373096,13,0.6376250982284546,0.9343162775039673,-0.6054369807243347,APOLOGIZE 
0:00:01.373096,14,0.21408061683177948,0.9424667358398438,-0.6542699337005615,APOLOGIZE 
0:00:01.373096,15,0.5306902527809143,0.8116506934165955,-1.4493803977966309,APOLOGIZE 
0:00:01.373096,16,0.4245482385158539,0.8090654015541077,-1.1050087213516235,APOLOGIZE 
0:00:01.373096,17,0.5156897306442261,0.7511519193649292,-1.6011292934417725,APOLOGIZE 
0:00:01.373096,18,0.4765045642852783,0.7664201855659485,-1.207747220993042,APOLOGIZE 
0:00:01.373096,19,0.5026599168777466,0.6820096373558044,-1.555908441543579,APOLOGIZE 
0:00:01.373096,20,0.4717702269554138,0.7100948095321655,-1.1645281314849854,APOLOGIZE 
0:00:01.373096,21,0.502677857875824,0.7030447125434875,-1.4562759399414062,APOLOGIZE 
0:00:01.373096,22,0.4574376940727234,0.7202509045600891,-1.0896145105361938,APOLOGIZE 
0:00:01.373096,23,0.5424655675888062,1.197928547859192,-0.025016579777002335,APOLOGIZE 
0:00:01.373096,24,0.2920706868171692,1.192191481590271,0.02873612381517887,APOLOGIZE 
0:00:01.373096,25,0.5168682932853699,1.7332184314727783,0.11290106922388077,APOLOGIZE 
0:00:01.373096,26,0.26615339517593384,1.7169283628463745,0.3249506950378418,APOLOGIZE 
0:00:01.373096,27,0.5038334131240845,2.167672872543335,0.7270112037658691,APOLOGIZE 
0:00:01.373096,28,0.26039940118789673,2.156064033508301,0.9893547892570496,APOLOGIZE 
0:00:01.373096,29,0.507006049156189,2.23250412940979,0.7581591606140137,APOLOGIZE 
0:00:01.373096,30,0.24699270725250244,2.220646381378174,1.0420501232147217,APOLOGIZE 
0:00:01.373096,31,0.46974363923072815,2.3223652839660645,0.22132854163646698,APOLOGIZE 
0:00:01.373096,32,0.29898545145988464,2.308828830718994,0.4663541316986084,APOLOGIZE 
0:00:01.429285,0,0.4674610197544098,0.25205349922180176,-0.8973337411880493,APOLOGIZE 
0:00:01.429285,1,0.48964062333106995,0.2122456133365631,-0.8252566456794739,APOLOGIZE 
0:00:01.429285,2,0.5040667653083801,0.21505488455295563,-0.825474739074707,APOLOGIZE 
0:00:01.429285,3,0.516804039478302,0.21870823204517365,-0.825168251991272,APOLOGIZE 
0:00:01.429285,4,0.4414549469947815,0.20910875499248505,-0.8396967053413391,APOLOGIZE 
0:00:01.429285,5,0.42083191871643066,0.2101249098777771,-0.8393977284431458,APOLOGIZE 
0:00:01.429285,6,0.4035295844078064,0.21182043850421906,-0.8400888442993164,APOLOGIZE 
0:00:01.429285,7,0.5324941873550415,0.2528679072856903,-0.3763211667537689,APOLOGIZE 
0:00:01.429285,8,0.3774515390396118,0.2448626309633255,-0.4244862198829651,APOLOGIZE 
0:00:01.429285,9,0.4897516667842865,0.31500476598739624,-0.7329272031784058,APOLOGIZE 
0:00:01.429285,10,0.42873483896255493,0.3079990744590759,-0.7486461400985718,APOLOGIZE 
0:00:01.429285,11,0.6050629019737244,0.5394370555877686,-0.13199405372142792,APOLOGIZE 
0:00:01.429285,12,0.27728182077407837,0.5520747303962708,-0.2856155335903168,APOLOGIZE 
0:00:01.429285,13,0.6369083523750305,0.9342498779296875,-0.6135379076004028,APOLOGIZE 
0:00:01.429285,14,0.2144802361726761,0.9415911436080933,-0.6364743709564209,APOLOGIZE 
0:00:01.429285,15,0.5303330421447754,0.8122740983963013,-1.4700326919555664,APOLOGIZE 
0:00:01.429285,16,0.42639535665512085,0.8089738488197327,-1.07943594455719,APOLOGIZE 
0:00:01.429285,17,0.5151408314704895,0.7495602965354919,-1.626600980758667,APOLOGIZE 
0:00:01.429285,18,0.47746044397354126,0.7647510766983032,-1.1824595928192139,APOLOGIZE 
0:00:01.429285,19,0.5024710893630981,0.6816580295562744,-1.581311821937561,APOLOGIZE 
0:00:01.429285,20,0.4723551273345947,0.7088337540626526,-1.1452573537826538,APOLOGIZE 
0:00:01.429285,21,0.5022164583206177,0.7023891806602478,-1.4771087169647217,APOLOGIZE 
0:00:01.429285,22,0.45791178941726685,0.7194589972496033,-1.066683292388916,APOLOGIZE 
0:00:01.429285,23,0.5424626469612122,1.1900101900100708,-0.02497735247015953,APOLOGIZE 
0:00:01.429285,24,0.29213109612464905,1.19016432762146,0.028699275106191635,APOLOGIZE 
0:00:01.429285,25,0.5168970227241516,1.7317181825637817,0.11079184710979462,APOLOGIZE 
0:00:01.429285,26,0.26627376675605774,1.7137634754180908,0.32328614592552185,APOLOGIZE 
0:00:01.429285,27,0.5037893652915955,2.1658313274383545,0.725730299949646,APOLOGIZE 
0:00:01.429285,28,0.2605529725551605,2.15403151512146,0.9860590696334839,APOLOGIZE 
0:00:01.429285,29,0.5069776773452759,2.2303013801574707,0.7569745182991028,APOLOGIZE 
0:00:01.429285,30,0.24713385105133057,2.2186241149902344,1.0384234189987183,APOLOGIZE 
0:00:01.429285,31,0.46977105736732483,2.320369243621826,0.22007708251476288,APOLOGIZE 
0:00:01.429285,32,0.29909104108810425,2.306488037109375,0.46139708161354065,APOLOGIZE 
0:00:01.498335,0,0.4675518870353699,0.25203976035118103,-0.898034393787384,APOLOGIZE 
0:00:01.498335,1,0.48965319991111755,0.21222124993801117,-0.8260862231254578,APOLOGIZE 
0:00:01.498335,2,0.5041021108627319,0.21502810716629028,-0.8262969255447388,APOLOGIZE 
0:00:01.498335,3,0.5168057084083557,0.21868620812892914,-0.8259902000427246,APOLOGIZE 
0:00:01.498335,4,0.4415530562400818,0.20908859372138977,-0.8409014940261841,APOLOGIZE 
0:00:01.498335,5,0.42103248834609985,0.2101023644208908,-0.840603232383728,APOLOGIZE 
0:00:01.498335,6,0.4037240445613861,0.21179768443107605,-0.8412954211235046,APOLOGIZE 
0:00:01.498335,7,0.532545268535614,0.2528715133666992,-0.376796156167984,APOLOGIZE 
0:00:01.498335,8,0.3775687515735626,0.24482783675193787,-0.4256901741027832,APOLOGIZE 
0:00:01.498335,9,0.48979949951171875,0.31497594714164734,-0.7331284880638123,APOLOGIZE 
0:00:01.498335,10,0.4289160370826721,0.3079524040222168,-0.7493484616279602,APOLOGIZE 
0:00:01.498335,11,0.6051921248435974,0.5388001203536987,-0.13168904185295105,APOLOGIZE 
0:00:01.498335,12,0.2776986062526703,0.5516735911369324,-0.28703799843788147,APOLOGIZE 
0:00:01.498335,13,0.6362947225570679,0.9340242147445679,-0.6126201152801514,APOLOGIZE 
0:00:01.498335,14,0.21498575806617737,0.940977156162262,-0.6352537870407104,APOLOGIZE 
0:00:01.498335,15,0.5297373533248901,0.8126881718635559,-1.4749808311462402,APOLOGIZE 
0:00:01.498335,16,0.42751288414001465,0.8088839650154114,-1.0761624574661255,APOLOGIZE 
0:00:01.498335,17,0.5150514841079712,0.7480956315994263,-1.632220983505249,APOLOGIZE 
0:00:01.498335,18,0.4781257212162018,0.7640383243560791,-1.1791774034500122,APOLOGIZE 
0:00:01.498335,19,0.5024592280387878,0.6807586550712585,-1.5875294208526611,APOLOGIZE 
0:00:01.498335,20,0.4727773666381836,0.708295464515686,-1.142802357673645,APOLOGIZE 
0:00:01.498335,21,0.5020201802253723,0.7016503810882568,-1.482683539390564,APOLOGIZE 
0:00:01.498335,22,0.4582940936088562,0.7190295457839966,-1.063446283340454,APOLOGIZE 
0:00:01.498335,23,0.5424656271934509,1.18549382686615,-0.024943269789218903,APOLOGIZE 
0:00:01.498335,24,0.2922043204307556,1.188873291015625,0.028664853423833847,APOLOGIZE 
0:00:01.498335,25,0.516921877861023,1.7299309968948364,0.1095859631896019,APOLOGIZE 
0:00:01.498335,26,0.2663828730583191,1.7110265493392944,0.3226572871208191,APOLOGIZE 
0:00:01.498335,27,0.5036929845809937,2.1635031700134277,0.7245466113090515,APOLOGIZE 
0:00:01.498335,28,0.26067230105400085,2.151686191558838,0.9852886199951172,APOLOGIZE 
0:00:01.498335,29,0.5068979859352112,2.227548360824585,0.7557883858680725,APOLOGIZE 
0:00:01.498335,30,0.24724188446998596,2.2161405086517334,1.0374261140823364,APOLOGIZE 
0:00:01.498335,31,0.46969184279441833,2.3179051876068115,0.21939070522785187,APOLOGIZE 
0:00:01.498335,32,0.2991901636123657,2.303864002227783,0.458963006734848,APOLOGIZE 
0:00:01.555517,0,0.4681714177131653,0.2518916428089142,-0.9164854884147644,APOLOGIZE 
0:00:01.555517,1,0.4899815618991852,0.21199242770671844,-0.843408465385437,APOLOGIZE 
0:00:01.555517,2,0.504476010799408,0.21481281518936157,-0.8435916900634766,APOLOGIZE 
0:00:01.555517,3,0.5169779062271118,0.21845977008342743,-0.8432492017745972,APOLOGIZE 
0:00:01.555517,4,0.4421614706516266,0.2088514119386673,-0.8596164584159851,APOLOGIZE 
0:00:01.555517,5,0.4217132031917572,0.2098321169614792,-0.8593193292617798,APOLOGIZE 
0:00:01.555517,6,0.4041890501976013,0.2115030139684677,-0.8600223660469055,APOLOGIZE 
0:00:01.555517,7,0.5329092741012573,0.2527059316635132,-0.3850080668926239,APOLOGIZE 
0:00:01.555517,8,0.37778037786483765,0.2445935159921646,-0.43974050879478455,APOLOGIZE 
0:00:01.555517,9,0.4901803135871887,0.31484758853912354,-0.7478353977203369,APOLOGIZE 
0:00:01.555517,10,0.42962080240249634,0.30777227878570557,-0.7653295397758484,APOLOGIZE 
0:00:01.555517,11,0.60588538646698,0.5387401580810547,-0.13302452862262726,APOLOGIZE 
0:00:01.555517,12,0.27801087498664856,0.5514287948608398,-0.3004215657711029,APOLOGIZE 
0:00:01.555517,13,0.6363599896430969,0.9346588850021362,-0.6189426183700562,APOLOGIZE 
0:00:01.555517,14,0.2131992131471634,0.9417712688446045,-0.6383069753646851,APOLOGIZE 
0:00:01.555517,15,0.5307300686836243,0.8123047947883606,-1.4976398944854736,APOLOGIZE 
0:00:01.555517,16,0.4288700520992279,0.8092586994171143,-1.1169862747192383,APOLOGIZE 
0:00:01.555517,17,0.5153253674507141,0.7432773113250732,-1.6567516326904297,APOLOGIZE 
0:00:01.555517,18,0.47880274057388306,0.761771023273468,-1.2249729633331299,APOLOGIZE 
0:00:01.555517,19,0.5032483339309692,0.676832914352417,-1.6117442846298218,APOLOGIZE 
0:00:01.555517,20,0.4729854166507721,0.7062793970108032,-1.1839231252670288,APOLOGIZE 
0:00:01.555517,21,0.503577470779419,0.6981847882270813,-1.5062859058380127,APOLOGIZE 
0:00:01.555517,22,0.45864802598953247,0.7175424695014954,-1.1040494441986084,APOLOGIZE 
0:00:01.555517,23,0.5426734089851379,1.1869213581085205,-0.024549849331378937,APOLOGIZE 
0:00:01.555517,24,0.29219040274620056,1.1898224353790283,0.02827947400510311,APOLOGIZE 
0:00:01.555517,25,0.5169253349304199,1.7306926250457764,0.11619474738836288,APOLOGIZE 
0:00:01.555517,26,0.2663159668445587,1.7111763954162598,0.32152602076530457,APOLOGIZE 
0:00:01.555517,27,0.5027582049369812,2.164795398712158,0.741806149482727,APOLOGIZE 
0:00:01.555517,28,0.25913792848587036,2.1517577171325684,0.9868977665901184,APOLOGIZE 
0:00:01.555517,29,0.5060452222824097,2.2293012142181396,0.7733138799667358,APOLOGIZE 
0:00:01.555517,30,0.24513867497444153,2.2162787914276123,1.039656400680542,APOLOGIZE 
0:00:01.555517,31,0.4678061008453369,2.3191068172454834,0.2286282777786255,APOLOGIZE 
0:00:01.555517,32,0.297882616519928,2.304137945175171,0.45769867300987244,APOLOGIZE 
0:00:01.625664,0,0.4686051905155182,0.25177663564682007,-0.9239514470100403,APOLOGIZE 
0:00:01.625664,1,0.49023860692977905,0.21181997656822205,-0.8504627346992493,APOLOGIZE 
0:00:01.625664,2,0.5047640204429626,0.2146501988172531,-0.8506452441215515,APOLOGIZE 
0:00:01.625664,3,0.5171186923980713,0.2182905375957489,-0.8502970933914185,APOLOGIZE 
0:00:01.625664,4,0.44262248277664185,0.208668515086174,-0.8668419122695923,APOLOGIZE 
0:00:01.625664,5,0.4222292900085449,0.20962215960025787,-0.8665509223937988,APOLOGIZE 
0:00:01.625664,6,0.4045599400997162,0.21127061545848846,-0.8672580718994141,APOLOGIZE 
0:00:01.625664,7,0.533194899559021,0.25259169936180115,-0.38894122838974,APOLOGIZE 
0:00:01.625664,8,0.3779546022415161,0.24439091980457306,-0.4452460706233978,APOLOGIZE 
0:00:01.625664,9,0.49045056104660034,0.3147345185279846,-0.754155695438385,APOLOGIZE 
0:00:01.625664,10,0.4301079213619232,0.3076116144657135,-0.7718228101730347,APOLOGIZE 
0:00:01.625664,11,0.6063282489776611,0.5386698246002197,-0.13385559618473053,APOLOGIZE 
0:00:01.625664,12,0.27823564410209656,0.5512189865112305,-0.30525925755500793,APOLOGIZE 
0:00:01.625664,13,0.6364098787307739,0.9350687265396118,-0.622974693775177,APOLOGIZE 
0:00:01.625664,14,0.21201828122138977,0.9422396421432495,-0.6454958915710449,APOLOGIZE 
0:00:01.625664,15,0.5314193367958069,0.8121548295021057,-1.5054800510406494,APOLOGIZE 
0:00:01.625664,16,0.42971840500831604,0.8095691204071045,-1.119868516921997,APOLOGIZE 
0:00:01.625664,17,0.5153707265853882,0.7444923520088196,-1.6650422811508179,APOLOGIZE 
0:00:01.625664,18,0.47925257682800293,0.7603586912155151,-1.2270890474319458,APOLOGIZE 
0:00:01.625664,19,0.5037872195243835,0.6750099658966064,-1.6203181743621826,APOLOGIZE 
0:00:01.625664,20,0.47311776876449585,0.7048947215080261,-1.1886906623840332,APOLOGIZE 
0:00:01.625664,21,0.5045980215072632,0.6964146494865417,-1.5142948627471924,APOLOGIZE 
0:00:01.625664,22,0.45886892080307007,0.7164835333824158,-1.106002926826477,APOLOGIZE 
0:00:01.625664,23,0.5428289175033569,1.188102126121521,-0.02426770329475403,APOLOGIZE 
0:00:01.625664,24,0.2921704649925232,1.190449833869934,0.027998093515634537,APOLOGIZE 
0:00:01.625664,25,0.5169119238853455,1.731345295906067,0.12051703780889511,APOLOGIZE 
0:00:01.625664,26,0.26618629693984985,1.7112826108932495,0.3211129903793335,APOLOGIZE 
0:00:01.625664,27,0.502043604850769,2.165924072265625,0.7492315769195557,APOLOGIZE 
0:00:01.625664,28,0.2578723132610321,2.151812791824341,0.9850155711174011,APOLOGIZE 
0:00:01.625664,29,0.5053858757019043,2.2306888103485107,0.7806994915008545,APOLOGIZE 
0:00:01.625664,30,0.24351248145103455,2.2163636684417725,1.0375711917877197,APOLOGIZE 
0:00:01.625664,31,0.4664810299873352,2.3201420307159424,0.2333807498216629,APOLOGIZE 
0:00:01.625664,32,0.2967272400856018,2.3043246269226074,0.4574083387851715,APOLOGIZE 
0:00:01.703774,0,0.46890440583229065,0.25156986713409424,-0.9280468225479126,APOLOGIZE 
0:00:01.703774,1,0.4905017018318176,0.21162311732769012,-0.8542311787605286,APOLOGIZE 
0:00:01.703774,2,0.5050405263900757,0.21443714201450348,-0.8544397354125977,APOLOGIZE 
0:00:01.703774,3,0.5172735452651978,0.21811217069625854,-0.8541343808174133,APOLOGIZE 
0:00:01.703774,4,0.4429931640625,0.208454430103302,-0.869796097278595,APOLOGIZE 
0:00:01.703774,5,0.42251935601234436,0.20938630402088165,-0.869534969329834,APOLOGIZE 
0:00:01.703774,6,0.40474849939346313,0.21101196110248566,-0.870251476764679,APOLOGIZE 
0:00:01.703774,7,0.5334703326225281,0.25254175066947937,-0.38993653655052185,APOLOGIZE 
0:00:01.703774,8,0.3780728876590729,0.2442668080329895,-0.4453183710575104,APOLOGIZE 
0:00:01.703774,9,0.4905950427055359,0.3144838213920593,-0.7568957805633545,APOLOGIZE 
0:00:01.703774,10,0.4304415285587311,0.30733099579811096,-0.7739309668540955,APOLOGIZE 
0:00:01.703774,11,0.6065735816955566,0.538698136806488,-0.12185424566268921,APOLOGIZE 
0:00:01.703774,12,0.2782922387123108,0.550917387008667,-0.3048183023929596,APOLOGIZE 
0:00:01.703774,13,0.6404075026512146,0.9433608651161194,-0.5645171999931335,APOLOGIZE 
0:00:01.703774,14,0.21074411273002625,0.9422630667686462,-0.6953875422477722,APOLOGIZE 
0:00:01.703774,15,0.5704845190048218,0.8043451309204102,-1.4028874635696411,APOLOGIZE 
0:00:01.703774,16,0.4295572340488434,0.8024857044219971,-1.2690603733062744,APOLOGIZE 
0:00:01.703774,17,0.517167329788208,0.7317650318145752,-1.552647352218628,APOLOGIZE 
0:00:01.703774,18,0.4787895083427429,0.7480936646461487,-1.3905277252197266,APOLOGIZE 
0:00:01.703774,19,0.5057042837142944,0.6645064949989319,-1.5151612758636475,APOLOGIZE 
0:00:01.703774,20,0.4720444679260254,0.6934234499931335,-1.3523826599121094,APOLOGIZE 
0:00:01.703774,21,0.5057868361473083,0.6817732453346252,-1.4132726192474365,APOLOGIZE 
0:00:01.703774,22,0.4582672119140625,0.7077434062957764,-1.2588987350463867,APOLOGIZE 
0:00:01.703774,23,0.542853057384491,1.191362977027893,-0.02332386001944542,APOLOGIZE 
0:00:01.703774,24,0.2918005585670471,1.1910206079483032,0.026994962245225906,APOLOGIZE 
0:00:01.703774,25,0.5155762434005737,1.7315210103988647,0.12084971368312836,APOLOGIZE 
0:00:01.703774,26,0.2652469575405121,1.7113003730773926,0.2743853032588959,APOLOGIZE 
0:00:01.703774,27,0.4994197487831116,2.1664927005767822,0.7441246509552002,APOLOGIZE 
0:00:01.703774,28,0.2547713816165924,2.1518242359161377,0.8996319770812988,APOLOGIZE 
0:00:01.703774,29,0.502495527267456,2.231029748916626,0.7740339636802673,APOLOGIZE 
0:00:01.703774,30,0.24014337360858917,2.216313600540161,0.9473263621330261,APOLOGIZE 
0:00:01.703774,31,0.4627661108970642,2.3206684589385986,0.22808170318603516,APOLOGIZE 
0:00:01.703774,32,0.2928251326084137,2.3043127059936523,0.36044982075691223,APOLOGIZE 
0:00:01.778766,0,0.4691050946712494,0.2513696849346161,-0.9317822456359863,APOLOGIZE 
0:00:01.778766,1,0.4906962513923645,0.21144333481788635,-0.8576807975769043,APOLOGIZE 
0:00:01.778766,2,0.5052518844604492,0.21424318850040436,-0.8579003214836121,APOLOGIZE 
0:00:01.778766,3,0.517403244972229,0.2179461568593979,-0.8576182126998901,APOLOGIZE 
0:00:01.778766,4,0.4432583749294281,0.2082626074552536,-0.8727307319641113,APOLOGIZE 
0:00:01.778766,5,0.42273324728012085,0.20917779207229614,-0.872484028339386,APOLOGIZE 
0:00:01.778766,6,0.4048956036567688,0.21078795194625854,-0.8732050061225891,APOLOGIZE 
0:00:01.778766,7,0.5337322950363159,0.2524966299533844,-0.391375333070755,APOLOGIZE 
0:00:01.778766,8,0.37817975878715515,0.24415706098079681,-0.4457801878452301,APOLOGIZE 
0:00:01.778766,9,0.4906933903694153,0.31426236033439636,-0.7598145008087158,APOLOGIZE 
0:00:01.778766,10,0.43067020177841187,0.307084858417511,-0.7763658761978149,APOLOGIZE 
0:00:01.778766,11,0.6067520380020142,0.5387334823608398,-0.11682404577732086,APOLOGIZE 
0:00:01.778766,12,0.27834227681159973,0.5506650805473328,-0.30479326844215393,APOLOGIZE 
0:00:01.778766,13,0.6427000761032104,0.9477939009666443,-0.5453610420227051,APOLOGIZE 
0:00:01.778766,14,0.20984013378620148,0.9422882795333862,-0.7151428461074829,APOLOGIZE 
0:00:01.778766,15,0.5819639563560486,0.802028238773346,-1.3708438873291016,APOLOGIZE 
0:00:01.778766,16,0.42947331070899963,0.7991024255752563,-1.292664647102356,APOLOGIZE 
0:00:01.778766,17,0.5181740522384644,0.7275038957595825,-1.5188664197921753,APOLOGIZE 
0:00:01.778766,18,0.4785069525241852,0.7428158521652222,-1.4144387245178223,APOLOGIZE 
0:00:01.778766,19,0.5066561102867126,0.6608865857124329,-1.4823247194290161,APOLOGIZE 
0:00:01.778766,20,0.4713655114173889,0.6882852911949158,-1.3760722875595093,APOLOGIZE 
0:00:01.778766,21,0.5064088702201843,0.6765206456184387,-1.3812845945358276,APOLOGIZE 
0:00:01.778766,22,0.45786625146865845,0.703480064868927,-1.2825288772583008,APOLOGIZE 
0:00:01.778766,23,0.5428823232650757,1.193915843963623,-0.02247665449976921,APOLOGIZE 
0:00:01.778766,24,0.2915824055671692,1.1914502382278442,0.026111632585525513,APOLOGIZE 
0:00:01.778766,25,0.514912486076355,1.731756329536438,0.12159587442874908,APOLOGIZE 
0:00:01.778766,26,0.26471638679504395,1.711357831954956,0.2616918385028839,APOLOGIZE 
0:00:01.778766,27,0.49825820326805115,2.1671392917633057,0.7428339123725891,APOLOGIZE 
0:00:01.778766,28,0.25320738554000854,2.1518731117248535,0.8846192359924316,APOLOGIZE 
0:00:01.778766,29,0.5012168288230896,2.231483221054077,0.7722445726394653,APOLOGIZE 
0:00:01.778766,30,0.23845836520195007,2.216339588165283,0.9320794343948364,APOLOGIZE 
0:00:01.778766,31,0.46121612191200256,2.3213765621185303,0.22666242718696594,APOLOGIZE 
0:00:01.778766,32,0.2909625470638275,2.304344892501831,0.34396761655807495,APOLOGIZE 
0:00:01.840846,0,0.4696546494960785,0.2513482868671417,-0.90538489818573,APOLOGIZE 
0:00:01.840846,1,0.4912723898887634,0.21140418946743011,-0.8359041213989258,APOLOGIZE 
0:00:01.840846,2,0.5058072209358215,0.21422244608402252,-0.8361692428588867,APOLOGIZE 
0:00:01.840846,3,0.5177223682403564,0.21790184080600739,-0.8359244465827942,APOLOGIZE 
0:00:01.840846,4,0.4440500736236572,0.20822708308696747,-0.8448394536972046,APOLOGIZE 
0:00:01.840846,5,0.42351117730140686,0.2091400921344757,-0.8445125818252563,APOLOGIZE 
0:00:01.840846,6,0.40555477142333984,0.21075256168842316,-0.8452199101448059,APOLOGIZE 
0:00:01.840846,7,0.5341601371765137,0.2524017095565796,-0.3897184729576111,APOLOGIZE 
0:00:01.840846,8,0.3784317672252655,0.24408839643001556,-0.42525729537010193,APOLOGIZE 
0:00:01.840846,9,0.4912634491920471,0.31423768401145935,-0.7424911260604858,APOLOGIZE 
0:00:01.840846,10,0.43130332231521606,0.3069034516811371,-0.7528873682022095,APOLOGIZE 
0:00:01.840846,11,0.607429563999176,0.5386764407157898,-0.13416136801242828,APOLOGIZE 
0:00:01.840846,12,0.27835410833358765,0.5497006773948669,-0.23846518993377686,APOLOGIZE 
0:00:01.840846,13,0.6426712870597839,0.9553402662277222,-0.6425644755363464,APOLOGIZE 
0:00:01.840846,14,0.2060917168855667,0.9377288818359375,-0.5769361257553101,APOLOGIZE 
0:00:01.840846,15,0.564030110836029,0.7663094997406006,-1.4998161792755127,APOLOGIZE 
0:00:01.840846,16,0.42746901512145996,0.7888206243515015,-1.1248356103897095,APOLOGIZE 
0:00:01.840846,17,0.5192969441413879,0.6849319338798523,-1.6583759784698486,APOLOGIZE 
0:00:01.840846,18,0.47271108627319336,0.7273285388946533,-1.2381393909454346,APOLOGIZE 
0:00:01.840846,19,0.5109065771102905,0.6198341846466064,-1.6061334609985352,APOLOGIZE 
0:00:01.840846,20,0.4653090834617615,0.6723440885543823,-1.2121723890304565,APOLOGIZE 
0:00:01.840846,21,0.5087320804595947,0.649519681930542,-1.5034701824188232,APOLOGIZE 
0:00:01.840846,22,0.4530142843723297,0.6908994913101196,-1.1230766773223877,APOLOGIZE 
0:00:01.840846,23,0.5431980490684509,1.192247748374939,-0.026565682142972946,APOLOGIZE 
0:00:01.840846,24,0.2907284200191498,1.1914269924163818,0.03034352883696556,APOLOGIZE 
0:00:01.840846,25,0.5133424401283264,1.7310792207717896,0.09978167712688446,APOLOGIZE 
0:00:01.840846,26,0.2618763744831085,1.705153226852417,0.268804132938385,APOLOGIZE 
0:00:01.840846,27,0.49490422010421753,2.1659932136535645,0.6962615251541138,APOLOGIZE 
0:00:01.840846,28,0.24770554900169373,2.143674373626709,0.8934170603752136,APOLOGIZE 
0:00:01.840846,29,0.49824875593185425,2.2303569316864014,0.7247663736343384,APOLOGIZE 
0:00:01.840846,30,0.23248431086540222,2.207897663116455,0.941094696521759,APOLOGIZE 
0:00:01.840846,31,0.4545581340789795,2.3193767070770264,0.17871905863285065,APOLOGIZE 
0:00:01.840846,32,0.2861778140068054,2.2962729930877686,0.36113685369491577,APOLOGIZE 
0:00:01.883832,0,0.47005414962768555,0.25132817029953003,-0.8893300890922546,APOLOGIZE 
0:00:01.883832,1,0.491649329662323,0.21137635409832,-0.8211250305175781,APOLOGIZE 
0:00:01.883832,2,0.5061740875244141,0.21419335901737213,-0.8214030265808105,APOLOGIZE 
0:00:01.883832,3,0.5179637670516968,0.21785776317119598,-0.8211641311645508,APOLOGIZE 
0:00:01.883832,4,0.4446295201778412,0.20820103585720062,-0.8293317556381226,APOLOGIZE 
0:00:01.883832,5,0.42412108182907104,0.20910808444023132,-0.8289966583251953,APOLOGIZE 
0:00:01.883832,6,0.4060893952846527,0.21071800589561462,-0.8296970129013062,APOLOGIZE 
0:00:01.883832,7,0.5345399975776672,0.25234025716781616,-0.38481763005256653,APOLOGIZE 
0:00:01.883832,8,0.37866726517677307,0.24404148757457733,-0.4147298336029053,APOLOGIZE 
0:00:01.883832,9,0.4917086958885193,0.31418922543525696,-0.7291816473007202,APOLOGIZE 
0:00:01.883832,10,0.43175381422042847,0.30667731165885925,-0.7387276291847229,APOLOGIZE 
0:00:01.883832,11,0.6078218221664429,0.5385223031044006,-0.13709254562854767,APOLOGIZE 
0:00:01.883832,12,0.27835971117019653,0.5488326549530029,-0.2249143421649933,APOLOGIZE 
0:00:01.883832,13,0.6427267789840698,0.9585200548171997,-0.6556820273399353,APOLOGIZE 
0:00:01.883832,14,0.20426997542381287,0.9350025057792664,-0.558204174041748,APOLOGIZE 
0:00:01.883832,15,0.5554322600364685,0.756395161151886,-1.5153436660766602,APOLOGIZE 
0:00:01.883832,16,0.4264892637729645,0.7844326496124268,-1.0862178802490234,APOLOGIZE 
0:00:01.883832,17,0.5200541019439697,0.6749761700630188,-1.6740779876708984,APOLOGIZE 
0:00:01.883832,18,0.4698881208896637,0.721717119216919,-1.196254014968872,APOLOGIZE 
0:00:01.883832,19,0.5130981206893921,0.6095383763313293,-1.6204731464385986,APOLOGIZE 
0:00:01.883832,20,0.4618258476257324,0.6598302125930786,-1.1685960292816162,APOLOGIZE 
0:00:01.883832,21,0.5101155042648315,0.6416938900947571,-1.518351674079895,APOLOGIZE 
0:00:01.883832,22,0.45062780380249023,0.6857524514198303,-1.0828582048416138,APOLOGIZE 
0:00:01.883832,23,0.5433961749076843,1.1913524866104126,-0.028009584173560143,APOLOGIZE 
0:00:01.883832,24,0.2902619242668152,1.1914299726486206,0.03182321786880493,APOLOGIZE 
0:00:01.883832,25,0.5122766494750977,1.7308403253555298,0.09254636615514755,APOLOGIZE 
0:00:01.883832,26,0.26024216413497925,1.7025750875473022,0.2720588743686676,APOLOGIZE 
0:00:01.883832,27,0.49287882447242737,2.165524959564209,0.6848549246788025,APOLOGIZE 
0:00:01.883832,28,0.24502193927764893,2.140728235244751,0.8943567276000977,APOLOGIZE 
0:00:01.883832,29,0.4963184893131256,2.2298786640167236,0.7134071588516235,APOLOGIZE 
0:00:01.883832,30,0.22961711883544922,2.2049760818481445,0.9418908953666687,APOLOGIZE 
0:00:01.883832,31,0.45182695984840393,2.318617820739746,0.16929177939891815,APOLOGIZE 
0:00:01.883832,32,0.28361862897872925,2.2933413982391357,0.36585426330566406,APOLOGIZE 
0:00:01.948125,0,0.47060027718544006,0.25131168961524963,-0.9937751889228821,APOLOGIZE 
0:00:01.948125,1,0.4928172528743744,0.21130037307739258,-0.9205735325813293,APOLOGIZE 
0:00:01.948125,2,0.5071459412574768,0.21400544047355652,-0.9207664728164673,APOLOGIZE 
0:00:01.948125,3,0.518574595451355,0.21756912767887115,-0.9205493927001953,APOLOGIZE 
0:00:01.948125,4,0.4454851746559143,0.2081579566001892,-0.9295547604560852,APOLOGIZE 
0:00:01.948125,5,0.42469772696495056,0.2090582400560379,-0.9293015599250793,APOLOGIZE 
0:00:01.948125,6,0.4064822793006897,0.21061332523822784,-0.9299654960632324,APOLOGIZE 
0:00:01.948125,7,0.5353078246116638,0.2518463432788849,-0.44531726837158203,APOLOGIZE 
0:00:01.948125,8,0.3788793385028839,0.24365268647670746,-0.47675618529319763,APOLOGIZE 
0:00:01.948125,9,0.49205881357192993,0.3140627443790436,-0.8173896074295044,APOLOGIZE 
0:00:01.948125,10,0.432100772857666,0.30640092492103577,-0.8271834254264832,APOLOGIZE 
0:00:01.948125,11,0.6085160970687866,0.5385072827339172,-0.15973205864429474,APOLOGIZE 
0:00:01.948125,12,0.27817580103874207,0.5475127696990967,-0.24174907803535461,APOLOGIZE 
0:00:01.948125,13,0.6427650451660156,0.9570683240890503,-0.6569018959999084,APOLOGIZE 
0:00:01.948125,14,0.19895663857460022,0.93267422914505,-0.6718531847000122,APOLOGIZE 
0:00:01.948125,15,0.5527868270874023,0.7425105571746826,-1.5659949779510498,APOLOGIZE 
0:00:01.948125,16,0.4170611500740051,0.7503029108047485,-1.4352219104766846,APOLOGIZE 
0:00:01.948125,17,0.5275527238845825,0.6590687036514282,-1.7357242107391357,APOLOGIZE 
0:00:01.948125,18,0.4564207196235657,0.697992205619812,-1.5828206539154053,APOLOGIZE 
0:00:01.948125,19,0.5229461193084717,0.5941981077194214,-1.7014849185943604,APOLOGIZE 
0:00:01.948125,20,0.450908362865448,0.6415004730224609,-1.569340467453003,APOLOGIZE 
0:00:01.948125,21,0.5156601071357727,0.6331654787063599,-1.57906174659729,APOLOGIZE 
0:00:01.948125,22,0.44183349609375,0.6618524193763733,-1.4442147016525269,APOLOGIZE 
0:00:01.948125,23,0.5451157689094543,1.19425368309021,-0.029349714517593384,APOLOGIZE 
0:00:01.948125,24,0.2894611954689026,1.193493127822876,0.033249206840991974,APOLOGIZE 
0:00:01.948125,25,0.5120611190795898,1.731103539466858,0.09436897933483124,APOLOGIZE 
0:00:01.948125,26,0.2600025534629822,1.7027313709259033,0.27395322918891907,APOLOGIZE 
0:00:01.948125,27,0.4925592839717865,2.168680429458618,0.6764839887619019,APOLOGIZE 
0:00:01.948125,28,0.2431812733411789,2.1414480209350586,0.901690661907196,APOLOGIZE 
0:00:01.948125,29,0.4962162375450134,2.235090970993042,0.7019239664077759,APOLOGIZE 
0:00:01.948125,30,0.22815175354480743,2.2063827514648438,0.9490486979484558,APOLOGIZE 
0:00:01.948125,31,0.44841232895851135,2.3212203979492188,0.140542671084404,APOLOGIZE 
0:00:01.948125,32,0.28015947341918945,2.2958450317382812,0.3638077974319458,APOLOGIZE 
0:00:02.008710,0,0.4708867073059082,0.25127553939819336,-0.9761187434196472,APOLOGIZE 
0:00:02.008710,1,0.4934220314025879,0.21114228665828705,-0.9036863446235657,APOLOGIZE 
0:00:02.008710,2,0.5076707005500793,0.21373356878757477,-0.9038799405097961,APOLOGIZE 
0:00:02.008710,3,0.5189341306686401,0.21720270812511444,-0.9036499857902527,APOLOGIZE 
0:00:02.008710,4,0.44586509466171265,0.20804783701896667,-0.914505124092102,APOLOGIZE 
0:00:02.008710,5,0.424938827753067,0.20895405113697052,-0.914251983165741,APOLOGIZE 
0:00:02.008710,6,0.4066650867462158,0.21047605574131012,-0.9149188995361328,APOLOGIZE 
0:00:02.008710,7,0.5357867479324341,0.2513018250465393,-0.4348331093788147,APOLOGIZE 
0:00:02.008710,8,0.3790033459663391,0.24336357414722443,-0.4727475643157959,APOLOGIZE 
0:00:02.008710,9,0.49226832389831543,0.31379595398902893,-0.8025735020637512,APOLOGIZE 
0:00:02.008710,10,0.43228110671043396,0.30603790283203125,-0.8144034147262573,APOLOGIZE 
0:00:02.008710,11,0.6089747548103333,0.5384200215339661,-0.15622106194496155,APOLOGIZE 
0:00:02.008710,12,0.2781452536582947,0.5464420318603516,-0.2492981255054474,APOLOGIZE 
0:00:02.008710,13,0.6428240537643433,0.9564259052276611,-0.6557847857475281,APOLOGIZE 
0:00:02.008710,14,0.19672933220863342,0.9314500093460083,-0.6742598414421082,APOLOGIZE 
0:00:02.008710,15,0.5511091947555542,0.7388594150543213,-1.5765666961669922,APOLOGIZE 
0:00:02.008710,16,0.4126819968223572,0.7403967976570129,-1.3570828437805176,APOLOGIZE 
0:00:02.008710,17,0.5316102504730225,0.654832124710083,-1.745940923690796,APOLOGIZE 
0:00:02.008710,18,0.4577105641365051,0.6913604736328125,-1.4914809465408325,APOLOGIZE 
0:00:02.008710,19,0.527596116065979,0.5896850228309631,-1.7086725234985352,APOLOGIZE 
0:00:02.008710,20,0.4447709918022156,0.6218898892402649,-1.4710205793380737,APOLOGIZE 
0:00:02.008710,21,0.5195785164833069,0.6191016435623169,-1.5891313552856445,APOLOGIZE 
0:00:02.008710,22,0.43687161803245544,0.6448001861572266,-1.3600437641143799,APOLOGIZE 
0:00:02.008710,23,0.5463513731956482,1.1955622434616089,-0.029161199927330017,APOLOGIZE 
0:00:02.008710,24,0.2889317572116852,1.1946662664413452,0.03304988890886307,APOLOGIZE 
0:00:02.008710,25,0.5119844079017639,1.7313123941421509,0.09593695402145386,APOLOGIZE 
0:00:02.008710,26,0.2596888244152069,1.7029311656951904,0.27587151527404785,APOLOGIZE 
0:00:02.008710,27,0.4921402931213379,2.1698784828186035,0.6731739044189453,APOLOGIZE 
0:00:02.008710,28,0.24247173964977264,2.1415724754333496,0.900870680809021,APOLOGIZE 
0:00:02.008710,29,0.4959172308444977,2.2369935512542725,0.6984785795211792,APOLOGIZE 
0:00:02.008710,30,0.227669358253479,2.2066876888275146,0.947481632232666,APOLOGIZE 
0:00:02.008710,31,0.44749146699905396,2.3220365047454834,0.14213413000106812,APOLOGIZE 
0:00:02.008710,32,0.2788848280906677,2.2963449954986572,0.361861914396286,APOLOGIZE 
0:00:02.050022,0,0.4720248579978943,0.2512449622154236,-0.9399515986442566,APOLOGIZE 
0:00:02.050022,1,0.4952028691768646,0.21099092066287994,-0.8732063174247742,APOLOGIZE 
0:00:02.050022,2,0.509185791015625,0.21357865631580353,-0.8734239339828491,APOLOGIZE 
0:00:02.050022,3,0.5200854539871216,0.21701520681381226,-0.8733223080635071,APOLOGIZE 
0:00:02.050022,4,0.4477268159389496,0.2078329622745514,-0.878962516784668,APOLOGIZE 
0:00:02.050022,5,0.4265519976615906,0.20863769948482513,-0.8787444829940796,APOLOGIZE 
0:00:02.050022,6,0.40773797035217285,0.2100011706352234,-0.8793305158615112,APOLOGIZE 
0:00:02.050022,7,0.5373648405075073,0.25126251578330994,-0.43444308638572693,APOLOGIZE 
0:00:02.050022,8,0.37949588894844055,0.24269254505634308,-0.4529874920845032,APOLOGIZE 
0:00:02.050022,9,0.4928812086582184,0.31357431411743164,-0.7769309878349304,APOLOGIZE 
0:00:02.050022,10,0.433035671710968,0.30560028553009033,-0.7837520241737366,APOLOGIZE 
0:00:02.050022,11,0.61015784740448,0.5384456515312195,-0.16341999173164368,APOLOGIZE 
0:00:02.050022,12,0.2775789797306061,0.5448709726333618,-0.2502151131629944,APOLOGIZE 
0:00:02.050022,13,0.6440902948379517,0.9554598927497864,-0.7012935876846313,APOLOGIZE 
0:00:02.050022,14,0.19160476326942444,0.928157389163971,-0.7178076505661011,APOLOGIZE 
0:00:02.050022,15,0.5506460666656494,0.7149385809898376,-1.558581829071045,APOLOGIZE 
0:00:02.050022,16,0.4132782816886902,0.7083551287651062,-1.357761025428772,APOLOGIZE 
0:00:02.050022,17,0.531451940536499,0.6233965158462524,-1.7193470001220703,APOLOGIZE 
0:00:02.050022,18,0.4582847058773041,0.6328164935112,-1.4847187995910645,APOLOGIZE 
0:00:02.050022,19,0.5293055176734924,0.5629460215568542,-1.6730750799179077,APOLOGIZE 
0:00:02.050022,20,0.4451213479042053,0.5791520476341248,-1.4352301359176636,APOLOGIZE 
0:00:02.050022,21,0.5228030681610107,0.5977432727813721,-1.5655765533447266,APOLOGIZE 
0:00:02.050022,22,0.4376443922519684,0.6075935363769531,-1.3489384651184082,APOLOGIZE 
0:00:02.050022,23,0.5486438870429993,1.1988030672073364,-0.02925257384777069,APOLOGIZE 
0:00:02.050022,24,0.2866506278514862,1.195014476776123,0.03319377824664116,APOLOGIZE 
0:00:02.050022,25,0.5119703412055969,1.7318049669265747,0.08645961433649063,APOLOGIZE 
0:00:02.050022,26,0.2580423951148987,1.7028130292892456,0.26862314343452454,APOLOGIZE 
0:00:02.050022,27,0.49188441038131714,2.172635793685913,0.6574389934539795,APOLOGIZE 
0:00:02.050022,28,0.24163834750652313,2.141759157180786,0.8730572462081909,APOLOGIZE 
0:00:02.050022,29,0.4954414963722229,2.240840196609497,0.6839597821235657,APOLOGIZE 
0:00:02.050022,30,0.22682110965251923,2.2069802284240723,0.9180099368095398,APOLOGIZE 
0:00:02.050022,31,0.44798916578292847,2.3240902423858643,0.13957354426383972,APOLOGIZE 
0:00:02.050022,32,0.27812156081199646,2.2964165210723877,0.3451297879219055,APOLOGIZE 
0:00:02.111297,0,0.4727954864501953,0.2511789798736572,-0.9276742935180664,APOLOGIZE 
0:00:02.111297,1,0.4962823987007141,0.21084626019001007,-0.8621224164962769,APOLOGIZE 
0:00:02.111297,2,0.5101515054702759,0.21344195306301117,-0.8623525500297546,APOLOGIZE 
0:00:02.111297,3,0.5208471417427063,0.21685799956321716,-0.8622828722000122,APOLOGIZE 
0:00:02.111297,4,0.448855459690094,0.20760664343833923,-0.8669596910476685,APOLOGIZE 
0:00:02.111297,5,0.42756909132003784,0.20832009613513947,-0.8667498826980591,APOLOGIZE 
0:00:02.111297,6,0.40846529603004456,0.20955340564250946,-0.8673160672187805,APOLOGIZE 
0:00:02.111297,7,0.5383284687995911,0.2512108087539673,-0.431823194026947,APOLOGIZE 
0:00:02.111297,8,0.37985754013061523,0.24209769070148468,-0.44496312737464905,APOLOGIZE 
0:00:02.111297,9,0.4933438301086426,0.3133547604084015,-0.7671175599098206,APOLOGIZE 
0:00:02.111297,10,0.43359699845314026,0.3051590919494629,-0.7729048132896423,APOLOGIZE 
0:00:02.111297,11,0.6109049320220947,0.5384710431098938,-0.16715064644813538,APOLOGIZE 
0:00:02.111297,12,0.2771618366241455,0.5436575412750244,-0.2520218789577484,APOLOGIZE 
0:00:02.111297,13,0.6449859738349915,0.9552140831947327,-0.7101767659187317,APOLOGIZE 
0:00:02.111297,14,0.1894509494304657,0.9262702465057373,-0.7398744225502014,APOLOGIZE 
0:00:02.111297,15,0.5504186749458313,0.7100350260734558,-1.5528627634048462,APOLOGIZE 
0:00:02.111297,16,0.4137197434902191,0.7002231478691101,-1.3727000951766968,APOLOGIZE 
0:00:02.111297,17,0.5313462018966675,0.6178585886955261,-1.71034836769104,APOLOGIZE 
0:00:02.111297,18,0.45859450101852417,0.6199699640274048,-1.4982359409332275,APOLOGIZE 
0:00:02.111297,19,0.5303409099578857,0.5581158399581909,-1.6604446172714233,APOLOGIZE 
0:00:02.111297,20,0.445298433303833,0.5696008205413818,-1.4396976232528687,APOLOGIZE 
0:00:02.111297,21,0.5248082876205444,0.5933293700218201,-1.5578734874725342,APOLOGIZE 
0:00:02.111297,22,0.4380793571472168,0.598442018032074,-1.3606250286102295,APOLOGIZE 
0:00:02.111297,23,0.5497856140136719,1.2012999057769775,-0.029362091794610023,APOLOGIZE 
0:00:02.111297,24,0.28488436341285706,1.1954936981201172,0.03333520144224167,APOLOGIZE 
0:00:02.111297,25,0.5118563175201416,1.7325477600097656,0.08529935777187347,APOLOGIZE 
0:00:02.111297,26,0.25666874647140503,1.7029147148132324,0.2686351239681244,APOLOGIZE 
0:00:02.111297,27,0.49135321378707886,2.175179958343506,0.6584751605987549,APOLOGIZE 
0:00:02.111297,28,0.24073883891105652,2.1419129371643066,0.8730594515800476,APOLOGIZE 
0:00:02.111297,29,0.49466919898986816,2.24393630027771,0.6856997013092041,APOLOGIZE 
0:00:02.111297,30,0.22592632472515106,2.2071330547332764,0.9183719754219055,APOLOGIZE 
0:00:02.111297,31,0.448178768157959,2.3263964653015137,0.14455530047416687,APOLOGIZE 
0:00:02.111297,32,0.277139812707901,2.2964742183685303,0.3472149074077606,APOLOGIZE 
0:00:02.181505,0,0.47369685769081116,0.2514212429523468,-0.9036415219306946,APOLOGIZE 
0:00:02.181505,1,0.49805912375450134,0.21081757545471191,-0.8379019498825073,APOLOGIZE 
0:00:02.181505,2,0.5118204355239868,0.21343789994716644,-0.8382142186164856,APOLOGIZE 
0:00:02.181505,3,0.5225169062614441,0.21683616936206818,-0.8381266593933105,APOLOGIZE 
0:00:02.181505,4,0.4508625566959381,0.2075149416923523,-0.8410211801528931,APOLOGIZE 
0:00:02.181505,5,0.4301300048828125,0.20804795622825623,-0.8407815098762512,APOLOGIZE 
0:00:02.181505,6,0.41087421774864197,0.20901519060134888,-0.8413389921188354,APOLOGIZE 
0:00:02.181505,7,0.5403052568435669,0.25125131011009216,-0.41573333740234375,APOLOGIZE 
0:00:02.181505,8,0.3813921809196472,0.2406022697687149,-0.4177428185939789,APOLOGIZE 
0:00:02.181505,9,0.49359995126724243,0.3134443461894989,-0.7459787130355835,APOLOGIZE 
0:00:02.181505,10,0.43446749448776245,0.305117666721344,-0.7494449615478516,APOLOGIZE 
0:00:02.181505,11,0.6108598709106445,0.5383275747299194,-0.1816515028476715,APOLOGIZE 
0:00:02.181505,12,0.2772321105003357,0.5391606092453003,-0.2146451771259308,APOLOGIZE 
0:00:02.181505,13,0.6449626684188843,0.9547560811042786,-0.7300660610198975,APOLOGIZE 
0:00:02.181505,14,0.18983754515647888,0.9233957529067993,-0.6659253835678101,APOLOGIZE 
0:00:02.181505,15,0.5503619909286499,0.6918439269065857,-1.5418694019317627,APOLOGIZE 
0:00:02.181505,16,0.41404908895492554,0.6878345012664795,-1.2618494033813477,APOLOGIZE 
0:00:02.181505,17,0.5323048830032349,0.6021617650985718,-1.7018516063690186,APOLOGIZE 
0:00:02.181505,18,0.45270052552223206,0.5971090197563171,-1.379728078842163,APOLOGIZE 
0:00:02.181505,19,0.532382607460022,0.5469455718994141,-1.6523816585540771,APOLOGIZE 
0:00:02.181505,20,0.4445808529853821,0.5502932667732239,-1.3167922496795654,APOLOGIZE 
0:00:02.181505,21,0.5271443724632263,0.5742575526237488,-1.5506434440612793,APOLOGIZE 
0:00:02.181505,22,0.4381785988807678,0.5804668664932251,-1.2496005296707153,APOLOGIZE 
0:00:02.181505,23,0.5506647825241089,1.2018272876739502,-0.035692259669303894,APOLOGIZE 
0:00:02.181505,24,0.2849070429801941,1.1968523263931274,0.039773501455783844,APOLOGIZE 
0:00:02.181505,25,0.5147016644477844,1.732871651649475,0.08229359984397888,APOLOGIZE 
0:00:02.181505,26,0.2570708096027374,1.7032784223556519,0.3159600496292114,APOLOGIZE 
0:00:02.181505,27,0.49417027831077576,2.175528049468994,0.6656228303909302,APOLOGIZE 
0:00:02.181505,28,0.24227845668792725,2.1420886516571045,0.9611207246780396,APOLOGIZE 
0:00:02.181505,29,0.4969271719455719,2.2449371814727783,0.693313479423523,APOLOGIZE 
0:00:02.181505,30,0.22808997333049774,2.20731520652771,1.0118588209152222,APOLOGIZE 
0:00:02.181505,31,0.45385879278182983,2.326812744140625,0.14865422248840332,APOLOGIZE 
0:00:02.181505,32,0.27781999111175537,2.296553611755371,0.4541777968406677,APOLOGIZE 
0:00:02.260604,0,0.47410696744918823,0.2515946924686432,-0.8898204565048218,APOLOGIZE 
0:00:02.260604,1,0.49897265434265137,0.21079134941101074,-0.8243426084518433,APOLOGIZE 
0:00:02.260604,2,0.5127508640289307,0.21343453228473663,-0.8246761560440063,APOLOGIZE 
0:00:02.260604,3,0.5234455466270447,0.2168225646018982,-0.8245854377746582,APOLOGIZE 
0:00:02.260604,4,0.45197349786758423,0.20738820731639862,-0.8258002400398254,APOLOGIZE 
0:00:02.260604,5,0.43156367540359497,0.2077297866344452,-0.8255227208137512,APOLOGIZE 
0:00:02.260604,6,0.41230911016464233,0.20842306315898895,-0.8260989189147949,APOLOGIZE 
0:00:02.260604,7,0.5414860248565674,0.2513202428817749,-0.40816178917884827,APOLOGIZE 
0:00:02.260604,8,0.38250115513801575,0.23908136785030365,-0.40216606855392456,APOLOGIZE 
0:00:02.260604,9,0.4936542510986328,0.31353873014450073,-0.7343003749847412,APOLOGIZE 
0:00:02.260604,10,0.43480244278907776,0.3050498068332672,-0.7356792092323303,APOLOGIZE 
0:00:02.260604,11,0.6108132600784302,0.5381664633750916,-0.1895279437303543,APOLOGIZE 
0:00:02.260604,12,0.277263343334198,0.5365869402885437,-0.18962141871452332,APOLOGIZE 
0:00:02.260604,13,0.6449500322341919,0.9543399810791016,-0.7304931879043579,APOLOGIZE 
0:00:02.260604,14,0.18992730975151062,0.921276330947876,-0.6011362671852112,APOLOGIZE 
0:00:02.260604,15,0.5503027439117432,0.6831691861152649,-1.5375328063964844,APOLOGIZE 
0:00:02.260604,16,0.4142509400844574,0.685284435749054,-1.2051764726638794,APOLOGIZE 
0:00:02.260604,17,0.5325552821159363,0.5874913334846497,-1.690622091293335,APOLOGIZE 
0:00:02.260604,18,0.452564001083374,0.6063615679740906,-1.325208306312561,APOLOGIZE 
0:00:02.260604,19,0.5344997048377991,0.5374709963798523,-1.6323140859603882,APOLOGIZE 
0:00:02.260604,20,0.4452148377895355,0.5541797876358032,-1.2739226818084717,APOLOGIZE 
0:00:02.260604,21,0.5285578966140747,0.567177414894104,-1.5383164882659912,APOLOGIZE 
0:00:02.260604,22,0.43445125222206116,0.5811994671821594,-1.1983877420425415,APOLOGIZE 
0:00:02.260604,23,0.5510788559913635,1.202154517173767,-0.04172726720571518,APOLOGIZE 
0:00:02.260604,24,0.2849138081073761,1.1970230340957642,0.04589298367500305,APOLOGIZE 
0:00:02.260604,25,0.5160155296325684,1.7328722476959229,0.07767809927463531,APOLOGIZE 
0:00:02.260604,26,0.2571554183959961,1.7032808065414429,0.33339637517929077,APOLOGIZE 
0:00:02.260604,27,0.4961276948451996,2.175489902496338,0.6666840314865112,APOLOGIZE 
0:00:02.260604,28,0.24283067882061005,2.1415810585021973,0.9842929840087891,APOLOGIZE 
0:00:02.260604,29,0.4986884593963623,2.244936943054199,0.695592999458313,APOLOGIZE 
0:00:02.260604,30,0.22886569797992706,2.2072579860687256,1.0359103679656982,APOLOGIZE 
0:00:02.260604,31,0.4567934572696686,2.326777935028076,0.1532018780708313,APOLOGIZE 
0:00:02.260604,32,0.27826350927352905,2.296247959136963,0.47998881340026855,APOLOGIZE 
0:00:02.338297,0,0.4748280942440033,0.2522876560688019,-0.8948060274124146,APOLOGIZE 
0:00:02.338297,1,0.5008410215377808,0.21096307039260864,-0.8280712366104126,APOLOGIZE 
0:00:02.338297,2,0.5144866704940796,0.21368536353111267,-0.8283807039260864,APOLOGIZE 
0:00:02.338297,3,0.5256153345108032,0.2170666605234146,-0.8282621502876282,APOLOGIZE 
0:00:02.338297,4,0.4535440504550934,0.20734183490276337,-0.8312268257141113,APOLOGIZE 
0:00:02.338297,5,0.43310633301734924,0.20765551924705505,-0.8309448957443237,APOLOGIZE 
0:00:02.338297,6,0.41385263204574585,0.20815898478031158,-0.8315485119819641,APOLOGIZE 
0:00:02.338297,7,0.5445936322212219,0.25168144702911377,-0.404426634311676,APOLOGIZE 
0:00:02.338297,8,0.3839403986930847,0.23828855156898499,-0.4061601758003235,APOLOGIZE 
0:00:02.338297,9,0.4942006468772888,0.3147796094417572,-0.7367192506790161,APOLOGIZE 
0:00:02.338297,10,0.4354167878627777,0.30517542362213135,-0.7402988076210022,APOLOGIZE 
0:00:02.338297,11,0.6110204458236694,0.5379064679145813,-0.18449626863002777,APOLOGIZE 
0:00:02.338297,12,0.2781029939651489,0.5329509377479553,-0.20061902701854706,APOLOGIZE 
0:00:02.338297,13,0.6451244950294495,0.9518795609474182,-0.7344191670417786,APOLOGIZE 
0:00:02.338297,14,0.19156190752983093,0.9193686842918396,-0.6555430293083191,APOLOGIZE 
0:00:02.338297,15,0.5709264874458313,0.6931270360946655,-1.5452539920806885,APOLOGIZE 
0:00:02.338297,16,0.42032337188720703,0.6856004595756531,-1.2098891735076904,APOLOGIZE 
0:00:02.338297,17,0.5333545804023743,0.585343062877655,-1.6977355480194092,APOLOGIZE 
0:00:02.338297,18,0.45473575592041016,0.5935426950454712,-1.322035789489746,APOLOGIZE 
0:00:02.338297,19,0.5349169969558716,0.535056471824646,-1.6375430822372437,APOLOGIZE 
0:00:02.338297,20,0.44938087463378906,0.5498033165931702,-1.2628540992736816,APOLOGIZE 
0:00:02.338297,21,0.5295724272727966,0.5604861974716187,-1.5453816652297974,APOLOGIZE 
0:00:02.338297,22,0.4417676329612732,0.5797642469406128,-1.1967591047286987,APOLOGIZE 
0:00:02.338297,23,0.5537852048873901,1.202966332435608,-0.041085757315158844,APOLOGIZE 
0:00:02.338297,24,0.286028653383255,1.1994361877441406,0.04519814997911453,APOLOGIZE 
0:00:02.338297,25,0.5208665728569031,1.733162522315979,0.07932304590940475,APOLOGIZE 
0:00:02.338297,26,0.26190027594566345,1.7047474384307861,0.32767170667648315,APOLOGIZE 
0:00:02.338297,27,0.5026348233222961,2.1757280826568604,0.6687817573547363,APOLOGIZE 
0:00:02.338297,28,0.253553181886673,2.143376588821411,0.9774426221847534,APOLOGIZE 
0:00:02.338297,29,0.5053051710128784,2.2450919151306152,0.6978340148925781,APOLOGIZE 
0:00:02.338297,30,0.24086427688598633,2.209409475326538,1.0278589725494385,APOLOGIZE 
0:00:02.338297,31,0.46652132272720337,2.327179193496704,0.1535232812166214,APOLOGIZE 
0:00:02.338297,32,0.28849682211875916,2.2973501682281494,0.4603835940361023,APOLOGIZE 
0:00:02.416932,0,0.47508710622787476,0.25281018018722534,-0.8959509134292603,APOLOGIZE 
0:00:02.416932,1,0.5016971826553345,0.21114425361156464,-0.8284117579460144,APOLOGIZE 
0:00:02.416932,2,0.5153620839118958,0.21397250890731812,-0.8287199139595032,APOLOGIZE 
0:00:02.416932,3,0.5266784429550171,0.21738819777965546,-0.8285800814628601,APOLOGIZE 
0:00:02.416932,4,0.4542565941810608,0.20730894804000854,-0.8323403596878052,APOLOGIZE 
0:00:02.416932,5,0.4338439404964447,0.2075333595275879,-0.8320631980895996,APOLOGIZE 
0:00:02.416932,6,0.4146438241004944,0.20782500505447388,-0.8326506614685059,APOLOGIZE 
0:00:02.416932,7,0.5462324619293213,0.25223737955093384,-0.4012794494628906,APOLOGIZE 
0:00:02.416932,8,0.3847770094871521,0.2375197410583496,-0.4053348898887634,APOLOGIZE 
0:00:02.416932,9,0.49438104033470154,0.3159308433532715,-0.737023115158081,APOLOGIZE 
0:00:02.416932,10,0.4355594515800476,0.30532124638557434,-0.7413057088851929,APOLOGIZE 
0:00:02.416932,11,0.6112585067749023,0.5378963947296143,-0.19626902043819427,APOLOGIZE 
0:00:02.416932,12,0.2785119414329529,0.5309236645698547,-0.2110132873058319,APOLOGIZE 
0:00:02.416932,13,0.645319402217865,0.9516946077346802,-0.7735604047775269,APOLOGIZE 
0:00:02.416932,14,0.19174644351005554,0.9174344539642334,-0.6561301350593567,APOLOGIZE 
0:00:02.416932,15,0.573974609375,0.6927930116653442,-1.5680688619613647,APOLOGIZE 
0:00:02.416932,16,0.4197620451450348,0.680823028087616,-1.2141706943511963,APOLOGIZE 
0:00:02.416932,17,0.5344446301460266,0.5753554105758667,-1.721510887145996,APOLOGIZE 
0:00:02.416932,18,0.4550926685333252,0.587480366230011,-1.3268406391143799,APOLOGIZE 
0:00:02.416932,19,0.5358207821846008,0.5294064283370972,-1.6600261926651,APOLOGIZE 
0:00:02.416932,20,0.4495997428894043,0.5459954738616943,-1.2655308246612549,APOLOGIZE 
0:00:02.416932,21,0.5305315256118774,0.5588441491127014,-1.566953182220459,APOLOGIZE 
0:00:02.416932,22,0.4416693150997162,0.5821284651756287,-1.2006655931472778,APOLOGIZE 
0:00:02.416932,23,0.5553216934204102,1.204195499420166,-0.04127472639083862,APOLOGIZE 
0:00:02.416932,24,0.2862442135810852,1.2013782262802124,0.04538409784436226,APOLOGIZE 
0:00:02.416932,25,0.523719847202301,1.7336995601654053,0.07961199432611465,APOLOGIZE 
0:00:02.416932,26,0.26331812143325806,1.7060377597808838,0.340586394071579,APOLOGIZE 
0:00:02.416932,27,0.5059623122215271,2.1763365268707275,0.6697995662689209,APOLOGIZE 
0:00:02.416932,28,0.25582605600357056,2.1446280479431152,0.9947656393051147,APOLOGIZE 
0:00:02.416932,29,0.5086548924446106,2.2461369037628174,0.699187159538269,APOLOGIZE 
0:00:02.416932,30,0.24320738017559052,2.211465358734131,1.0461171865463257,APOLOGIZE 
0:00:02.416932,31,0.47049251198768616,2.328138828277588,0.1552220731973648,APOLOGIZE 
0:00:02.416932,32,0.2905844449996948,2.2982749938964844,0.4889398217201233,APOLOGIZE 
0:00:02.487703,0,0.4759220480918884,0.2529812455177307,-0.8967707753181458,APOLOGIZE 
0:00:02.487703,1,0.502806544303894,0.21113459765911102,-0.8292402029037476,APOLOGIZE 
0:00:02.487703,2,0.5163673162460327,0.21396701037883759,-0.8295404314994812,APOLOGIZE 
0:00:02.487703,3,0.5279931426048279,0.2173825204372406,-0.829394519329071,APOLOGIZE 
0:00:02.487703,4,0.45607876777648926,0.20720799267292023,-0.8345411419868469,APOLOGIZE 
0:00:02.487703,5,0.4362863004207611,0.207279771566391,-0.8342868685722351,APOLOGIZE 
0:00:02.487703,6,0.417041152715683,0.20740538835525513,-0.8348855972290039,APOLOGIZE 
0:00:02.487703,7,0.5478911995887756,0.25237396359443665,-0.3985688090324402,APOLOGIZE 
0:00:02.487703,8,0.38695183396339417,0.23704741895198822,-0.4080306887626648,APOLOGIZE 
0:00:02.487703,9,0.4951614737510681,0.31633245944976807,-0.7363005876541138,APOLOGIZE 
0:00:02.487703,10,0.4376600682735443,0.30534473061561584,-0.7424057126045227,APOLOGIZE 
0:00:02.487703,11,0.6125248670578003,0.5378857254981995,-0.18935564160346985,APOLOGIZE 
0:00:02.487703,12,0.27966418862342834,0.5268124341964722,-0.229122593998909,APOLOGIZE 
0:00:02.487703,13,0.6453622579574585,0.9513244032859802,-0.7501688599586487,APOLOGIZE 
0:00:02.487703,14,0.19905921816825867,0.9181865453720093,-0.720323920249939,APOLOGIZE 
0:00:02.487703,15,0.5728332996368408,0.6644487380981445,-1.5674272775650024,APOLOGIZE 
0:00:02.487703,16,0.42924150824546814,0.6805750131607056,-1.2846665382385254,APOLOGIZE 
0:00:02.487703,17,0.5352138876914978,0.57834792137146,-1.720526099205017,APOLOGIZE 
0:00:02.487703,18,0.46199244260787964,0.5893324017524719,-1.4011647701263428,APOLOGIZE 
0:00:02.487703,19,0.5371443033218384,0.5201954245567322,-1.6587345600128174,APOLOGIZE 
0:00:02.487703,20,0.45743265748023987,0.5462623834609985,-1.3277255296707153,APOLOGIZE 
0:00:02.487703,21,0.5324903726577759,0.5531994104385376,-1.566684365272522,APOLOGIZE 
0:00:02.487703,22,0.45182809233665466,0.5789464712142944,-1.2652642726898193,APOLOGIZE 
0:00:02.487703,23,0.556585431098938,1.200063943862915,-0.03921329230070114,APOLOGIZE 
0:00:02.487703,24,0.29326608777046204,1.1900277137756348,0.04313603788614273,APOLOGIZE 
0:00:02.487703,25,0.525006115436554,1.7325845956802368,0.09951471537351608,APOLOGIZE 
0:00:02.487703,26,0.2653955817222595,1.7057503461837769,0.32858628034591675,APOLOGIZE 
0:00:02.487703,27,0.5077826976776123,2.175877571105957,0.7011699676513672,APOLOGIZE 
0:00:02.487703,28,0.2583778500556946,2.1445460319519043,0.9547907710075378,APOLOGIZE 
0:00:02.487703,29,0.5105680823326111,2.245426893234253,0.7335057854652405,APOLOGIZE 
0:00:02.487703,30,0.24570193886756897,2.211176633834839,1.0047513246536255,APOLOGIZE 
0:00:02.487703,31,0.4726780354976654,2.3278746604919434,0.20800504088401794,APOLOGIZE 
0:00:02.487703,32,0.29391005635261536,2.2983014583587646,0.45918044447898865,APOLOGIZE 
0:00:02.567567,0,0.4765279293060303,0.25316426157951355,-0.920985996723175,APOLOGIZE 
0:00:02.567567,1,0.5035207271575928,0.2111257165670395,-0.8546527624130249,APOLOGIZE 
0:00:02.567567,2,0.5170754194259644,0.21396204829216003,-0.8549327850341797,APOLOGIZE 
0:00:02.567567,3,0.5288993120193481,0.2173776924610138,-0.8547831773757935,APOLOGIZE 
0:00:02.567567,4,0.4572366774082184,0.20711228251457214,-0.8615015745162964,APOLOGIZE 
0:00:02.567567,5,0.4378008246421814,0.2070508748292923,-0.8613433837890625,APOLOGIZE 
0:00:02.567567,6,0.4186551570892334,0.20706823468208313,-0.8619562387466431,APOLOGIZE 
0:00:02.567567,7,0.5489381551742554,0.25249359011650085,-0.4128752648830414,APOLOGIZE 
0:00:02.567567,8,0.38846293091773987,0.23668479919433594,-0.4320533275604248,APOLOGIZE 
0:00:02.567567,9,0.49580615758895874,0.31684109568595886,-0.7561374306678772,APOLOGIZE 
0:00:02.567567,10,0.4390898644924164,0.30539563298225403,-0.7640151381492615,APOLOGIZE 
0:00:02.567567,11,0.6136296987533569,0.5382772088050842,-0.1865011751651764,APOLOGIZE 
0:00:02.567567,12,0.28048714995384216,0.525538444519043,-0.2592991888523102,APOLOGIZE 
0:00:02.567567,13,0.6457148790359497,0.951429545879364,-0.7397125959396362,APOLOGIZE 
0:00:02.567567,14,0.20372340083122253,0.9196326732635498,-0.765353262424469,APOLOGIZE 
0:00:02.567567,15,0.5834543704986572,0.6903833150863647,-1.5624160766601562,APOLOGIZE 
0:00:02.567567,16,0.4338858127593994,0.6810932159423828,-1.3628149032592773,APOLOGIZE 
0:00:02.567567,17,0.5352835655212402,0.582518458366394,-1.7150331735610962,APOLOGIZE 
0:00:02.567567,18,0.4725424647331238,0.592729926109314,-1.484020709991455,APOLOGIZE 
0:00:02.567567,19,0.5369964838027954,0.526429295539856,-1.6556392908096313,APOLOGIZE 
0:00:02.567567,20,0.4627559185028076,0.5475368499755859,-1.4134548902511597,APOLOGIZE 
0:00:02.567567,21,0.5326087474822998,0.5586941242218018,-1.5627692937850952,APOLOGIZE 
0:00:02.567567,22,0.4572318196296692,0.5783666968345642,-1.344133734703064,APOLOGIZE 
0:00:02.567567,23,0.5577808618545532,1.200161099433899,-0.03713656961917877,APOLOGIZE 
0:00:02.567567,24,0.2931217849254608,1.192451000213623,0.040893349796533585,APOLOGIZE 
0:00:02.567567,25,0.5262288451194763,1.7326072454452515,0.10859742015600204,APOLOGIZE 
0:00:02.567567,26,0.2680032253265381,1.706255555152893,0.3053707480430603,APOLOGIZE 
0:00:02.567567,27,0.5099526047706604,2.1762290000915527,0.7075620889663696,APOLOGIZE 
0:00:02.567567,28,0.261695921421051,2.1462275981903076,0.9105042219161987,APOLOGIZE 
0:00:02.567567,29,0.5129565596580505,2.2455015182495117,0.7393290400505066,APOLOGIZE 
0:00:02.567567,30,0.24901750683784485,2.2124102115631104,0.957926869392395,APOLOGIZE 
0:00:02.567567,31,0.4747177064418793,2.3286173343658447,0.21274185180664062,APOLOGIZE 
0:00:02.567567,32,0.2978702187538147,2.300689220428467,0.4004470705986023,APOLOGIZE 
0:00:02.626782,0,0.4781709313392639,0.2571816146373749,-0.8185887336730957,APOLOGIZE 
0:00:02.626782,1,0.5049260258674622,0.21393592655658722,-0.7512310743331909,APOLOGIZE 
0:00:02.626782,2,0.5183389782905579,0.21681208908557892,-0.7516213059425354,APOLOGIZE 
0:00:02.626782,3,0.5308038592338562,0.22020019590854645,-0.7514520883560181,APOLOGIZE 
0:00:02.626782,4,0.4594062864780426,0.20866800844669342,-0.7574939131736755,APOLOGIZE 
0:00:02.626782,5,0.4405091404914856,0.20779737830162048,-0.757240891456604,APOLOGIZE 
0:00:02.626782,6,0.42149487137794495,0.20755401253700256,-0.7578685283660889,APOLOGIZE 
0:00:02.626782,7,0.5494149923324585,0.25445860624313354,-0.32826679944992065,APOLOGIZE 
0:00:02.626782,8,0.3899030089378357,0.23693019151687622,-0.3468737006187439,APOLOGIZE 
0:00:02.626782,9,0.49790793657302856,0.3216121792793274,-0.6613461375236511,APOLOGIZE 
0:00:02.626782,10,0.441458523273468,0.30921241641044617,-0.6689461469650269,APOLOGIZE 
0:00:02.626782,11,0.6146278381347656,0.5384668707847595,-0.1464284360408783,APOLOGIZE 
0:00:02.626782,12,0.28132808208465576,0.5251023173332214,-0.1862419843673706,APOLOGIZE 
0:00:02.626782,13,0.6459978222846985,0.9519575238227844,-0.734527051448822,APOLOGIZE 
0:00:02.626782,14,0.21167051792144775,0.921678364276886,-0.6291271448135376,APOLOGIZE 
0:00:02.626782,15,0.5800844430923462,0.6727495789527893,-1.511296033859253,APOLOGIZE 
0:00:02.626782,16,0.4418574869632721,0.6817619800567627,-1.112648606300354,APOLOGIZE 
0:00:02.626782,17,0.5406805872917175,0.5796411633491516,-1.6605724096298218,APOLOGIZE 
0:00:02.626782,18,0.47552838921546936,0.5811556577682495,-1.2145254611968994,APOLOGIZE 
0:00:02.626782,19,0.5430256128311157,0.5251256227493286,-1.5935919284820557,APOLOGIZE 
0:00:02.626782,20,0.4684285521507263,0.5358176827430725,-1.1478936672210693,APOLOGIZE 
0:00:02.626782,21,0.5410071015357971,0.5544109344482422,-1.5077906847000122,APOLOGIZE 
0:00:02.626782,22,0.4638899266719818,0.5698674321174622,-1.0966776609420776,APOLOGIZE 
0:00:02.626782,23,0.5611447095870972,1.2000104188919067,-0.03702342137694359,APOLOGIZE 
0:00:02.626782,24,0.293069064617157,1.1926708221435547,0.040825825184583664,APOLOGIZE 
0:00:02.626782,25,0.5300577878952026,1.732369303703308,0.09482406079769135,APOLOGIZE 
0:00:02.626782,26,0.27226847410202026,1.7062783241271973,0.30619654059410095,APOLOGIZE 
0:00:02.626782,27,0.5167207717895508,2.175807237625122,0.6799147725105286,APOLOGIZE 
0:00:02.626782,28,0.26982381939888,2.146314859390259,0.9134610295295715,APOLOGIZE 
0:00:02.626782,29,0.5190539360046387,2.245009422302246,0.7117758393287659,APOLOGIZE 
0:00:02.626782,30,0.2579057812690735,2.212719678878784,0.9611759185791016,APOLOGIZE 
0:00:02.626782,31,0.4835500121116638,2.3286006450653076,0.19689972698688507,APOLOGIZE 
0:00:02.626782,32,0.3050687611103058,2.3004515171051025,0.41501814126968384,APOLOGIZE 
0:00:02.674293,0,0.47901397943496704,0.25992074608802795,-0.7936805486679077,APOLOGIZE 
0:00:02.674293,1,0.5055349469184875,0.21597841382026672,-0.7260831594467163,APOLOGIZE 
0:00:02.674293,2,0.5189012289047241,0.2188648134469986,-0.7264634370803833,APOLOGIZE 
0:00:02.674293,3,0.5315395593643188,0.22217322885990143,-0.7262717485427856,APOLOGIZE 
0:00:02.674293,4,0.4604898989200592,0.20990723371505737,-0.7327091693878174,APOLOGIZE 
0:00:02.674293,5,0.44182148575782776,0.20846985280513763,-0.7324252128601074,APOLOGIZE 
0:00:02.674293,6,0.4228999614715576,0.2080235332250595,-0.7330469489097595,APOLOGIZE 
0:00:02.674293,7,0.5496054887771606,0.25569450855255127,-0.30382055044174194,APOLOGIZE 
0:00:02.674293,8,0.39079225063323975,0.2371526062488556,-0.3247253894805908,APOLOGIZE 
0:00:02.674293,9,0.4989852011203766,0.32443809509277344,-0.6368265748023987,APOLOGIZE 
0:00:02.674293,10,0.44279056787490845,0.31179389357566833,-0.6449830532073975,APOLOGIZE 
0:00:02.674293,11,0.61528080701828,0.5384652018547058,-0.1253376305103302,APOLOGIZE 
0:00:02.674293,12,0.2819926142692566,0.5241745710372925,-0.16880473494529724,APOLOGIZE 
0:00:02.674293,13,0.646114706993103,0.9507582783699036,-0.7314024567604065,APOLOGIZE 
0:00:02.674293,14,0.21458952128887177,0.9217530488967896,-0.6122577786445618,APOLOGIZE 
0:00:02.674293,15,0.5779923796653748,0.6689732670783997,-1.4989430904388428,APOLOGIZE 
0:00:02.674293,16,0.44634002447128296,0.6826394200325012,-1.1018402576446533,APOLOGIZE 
0:00:02.674293,17,0.5431488156318665,0.5810449123382568,-1.6494686603546143,APOLOGIZE 
0:00:02.674293,18,0.4785252511501312,0.5796869993209839,-1.2051949501037598,APOLOGIZE 
0:00:02.674293,19,0.5455528497695923,0.5264450311660767,-1.584012746810913,APOLOGIZE 
0:00:02.674293,20,0.47306761145591736,0.5341136455535889,-1.1393600702285767,APOLOGIZE 
0:00:02.674293,21,0.5446151494979858,0.5541725158691406,-1.4962923526763916,APOLOGIZE 
0:00:02.674293,22,0.4684247374534607,0.5680099725723267,-1.0861567258834839,APOLOGIZE 
0:00:02.674293,23,0.5631284117698669,1.1992535591125488,-0.036871884018182755,APOLOGIZE 
0:00:02.674293,24,0.2929806113243103,1.1928664445877075,0.04069291055202484,APOLOGIZE 
0:00:02.674293,25,0.5319346189498901,1.7304211854934692,0.07670780271291733,APOLOGIZE 
0:00:02.674293,26,0.27470970153808594,1.7049387693405151,0.2970820367336273,APOLOGIZE 
0:00:02.674293,27,0.5199405550956726,2.173222303390503,0.642159640789032,APOLOGIZE 
0:00:02.674293,28,0.27368924021720886,2.145111560821533,0.890755832195282,APOLOGIZE 
0:00:02.674293,29,0.5222023725509644,2.2417361736297607,0.6716943979263306,APOLOGIZE 
0:00:02.674293,30,0.26193517446517944,2.2117459774017334,0.9371606707572937,APOLOGIZE 
0:00:02.674293,31,0.48691830039024353,2.326918363571167,0.15604500472545624,APOLOGIZE 
0:00:02.674293,32,0.30862191319465637,2.2971513271331787,0.3976385295391083,APOLOGIZE 
0:00:02.719437,0,0.48016756772994995,0.2620919942855835,-0.7928544282913208,APOLOGIZE 
0:00:02.719437,1,0.5075458288192749,0.2186528891324997,-0.7242133021354675,APOLOGIZE 
0:00:02.719437,2,0.5208861827850342,0.222365140914917,-0.724544107913971,APOLOGIZE 
0:00:02.719437,3,0.5346056222915649,0.22651925683021545,-0.7242899537086487,APOLOGIZE 
0:00:02.719437,4,0.46258634328842163,0.21086762845516205,-0.7344801425933838,APOLOGIZE 
0:00:02.719437,5,0.44443279504776,0.20892147719860077,-0.7342638969421387,APOLOGIZE 
0:00:02.719437,6,0.42574185132980347,0.20829008519649506,-0.7349588871002197,APOLOGIZE 
0:00:02.719437,7,0.5516668558120728,0.2604225277900696,-0.2929680347442627,APOLOGIZE 
0:00:02.719437,8,0.39362064003944397,0.23715940117835999,-0.3307664394378662,APOLOGIZE 
0:00:02.719437,9,0.49957555532455444,0.32899853587150574,-0.6323927044868469,APOLOGIZE 
0:00:02.719437,10,0.4434857964515686,0.3148309886455536,-0.6454604864120483,APOLOGIZE 
0:00:02.719437,11,0.6162294745445251,0.538772463798523,-0.0868382453918457,APOLOGIZE 
0:00:02.719437,12,0.28329795598983765,0.5230234265327454,-0.18424156308174133,APOLOGIZE 
0:00:02.719437,13,0.6461625099182129,0.9501316547393799,-0.7074302434921265,APOLOGIZE 
0:00:02.719437,14,0.21967796981334686,0.9239824414253235,-0.625076949596405,APOLOGIZE 
0:00:02.719437,15,0.5767993927001953,0.6733395457267761,-1.512865662574768,APOLOGIZE 
0:00:02.719437,16,0.4632178843021393,0.6948093771934509,-1.0761555433273315,APOLOGIZE 
0:00:02.719437,17,0.5468655824661255,0.5825048685073853,-1.6625745296478271,APOLOGIZE 
0:00:02.719437,18,0.5137749910354614,0.6121198534965515,-1.1726791858673096,APOLOGIZE 
0:00:02.719437,19,0.5510321855545044,0.5279992818832397,-1.5848647356033325,APOLOGIZE 
0:00:02.719437,20,0.49891796708106995,0.5418656468391418,-1.1053255796432495,APOLOGIZE 
0:00:02.719437,21,0.5495553016662598,0.5565885901451111,-1.507659912109375,APOLOGIZE 
0:00:02.719437,22,0.494013249874115,0.5884688496589661,-1.0551307201385498,APOLOGIZE 
0:00:02.719437,23,0.5635815262794495,1.201324224472046,-0.03135763481259346,APOLOGIZE 
0:00:02.719437,24,0.2927307188510895,1.1959266662597656,0.035128913819789886,APOLOGIZE 
0:00:02.719437,25,0.5316264033317566,1.7326856851577759,0.07168491929769516,APOLOGIZE 
0:00:02.719437,26,0.27513423562049866,1.7068082094192505,0.26353970170021057,APOLOGIZE 
0:00:02.719437,27,0.5191255211830139,2.1747307777404785,0.621852457523346,APOLOGIZE 
0:00:02.719437,28,0.27461472153663635,2.1478629112243652,0.8385239839553833,APOLOGIZE 
0:00:02.719437,29,0.5214605927467346,2.242743492126465,0.6491917371749878,APOLOGIZE 
0:00:02.719437,30,0.26283666491508484,2.214165210723877,0.8822011947631836,APOLOGIZE 
0:00:02.719437,31,0.4857694208621979,2.329007148742676,0.13049198687076569,APOLOGIZE 
0:00:02.719437,32,0.31065481901168823,2.2989206314086914,0.338019460439682,APOLOGIZE 
0:00:02.781646,0,0.4810270369052887,0.2641151249408722,-0.7952459454536438,APOLOGIZE 
0:00:02.781646,1,0.5088549852371216,0.22129130363464355,-0.7266215085983276,APOLOGIZE 
0:00:02.781646,2,0.5222310423851013,0.22556667029857635,-0.7269448041915894,APOLOGIZE 
0:00:02.781646,3,0.5364855527877808,0.2301492691040039,-0.7266787886619568,APOLOGIZE 
0:00:02.781646,4,0.46392837166786194,0.21201272308826447,-0.7375692129135132,APOLOGIZE 
0:00:02.781646,5,0.44605517387390137,0.20960737764835358,-0.7373629212379456,APOLOGIZE 
0:00:02.781646,6,0.42745494842529297,0.20878252387046814,-0.7380691766738892,APOLOGIZE 
0:00:02.781646,7,0.5529162287712097,0.26419827342033386,-0.29272133111953735,APOLOGIZE 
0:00:02.781646,8,0.39520278573036194,0.23728732764720917,-0.33403289318084717,APOLOGIZE 
0:00:02.781646,9,0.5000125765800476,0.33223915100097656,-0.633628785610199,APOLOGIZE 
0:00:02.781646,10,0.4438536763191223,0.31738778948783875,-0.6476506590843201,APOLOGIZE 
0:00:02.781646,11,0.6166106462478638,0.5389476418495178,-0.0794939249753952,APOLOGIZE 
0:00:02.781646,12,0.28405213356018066,0.5219363570213318,-0.19142241775989532,APOLOGIZE 
0:00:02.781646,13,0.6462298035621643,0.9495518207550049,-0.6980292201042175,APOLOGIZE 
0:00:02.781646,14,0.22313657402992249,0.9249023795127869,-0.6327111124992371,APOLOGIZE 
0:00:02.781646,15,0.5761203169822693,0.6752229332923889,-1.5203161239624023,APOLOGIZE 
0:00:02.781646,16,0.469007670879364,0.6993635296821594,-1.081256628036499,APOLOGIZE 
0:00:02.781646,17,0.5488823056221008,0.5826491713523865,-1.6695680618286133,APOLOGIZE 
0:00:02.781646,18,0.520966649055481,0.6140249371528625,-1.1773916482925415,APOLOGIZE 
0:00:02.781646,19,0.5536967515945435,0.5282238721847534,-1.5873922109603882,APOLOGIZE 
0:00:02.781646,20,0.5063838362693787,0.544808566570282,-1.110625147819519,APOLOGIZE 
0:00:02.781646,21,0.5520572066307068,0.5584575533866882,-1.5139656066894531,APOLOGIZE 
0:00:02.781646,22,0.5012787580490112,0.5970942974090576,-1.0600777864456177,APOLOGIZE 
0:00:02.781646,23,0.5639160871505737,1.2036261558532715,-0.02821047604084015,APOLOGIZE 
0:00:02.781646,24,0.29262176156044006,1.1981948614120483,0.03195391967892647,APOLOGIZE 
0:00:02.781646,25,0.531470000743866,1.733980417251587,0.06918028742074966,APOLOGIZE 
0:00:02.781646,26,0.2759767174720764,1.7081130743026733,0.254679799079895,APOLOGIZE 
0:00:02.781646,27,0.5186773538589478,2.1755120754241943,0.6144911050796509,APOLOGIZE 
0:00:02.781646,28,0.27601537108421326,2.1497738361358643,0.8292747735977173,APOLOGIZE 
0:00:02.781646,29,0.5210086703300476,2.2431960105895996,0.6413016319274902,APOLOGIZE 
0:00:02.781646,30,0.26425042748451233,2.2159438133239746,0.8728653788566589,APOLOGIZE 
0:00:02.781646,31,0.48544639348983765,2.330246686935425,0.12210085242986679,APOLOGIZE 
0:00:02.781646,32,0.3126789927482605,2.3000805377960205,0.32781851291656494,APOLOGIZE 
0:00:02.831568,0,0.48124581575393677,0.2681584358215332,-1.1368871927261353,APOLOGIZE 
0:00:02.831568,1,0.5094500184059143,0.22583141922950745,-1.0618077516555786,APOLOGIZE 
0:00:02.831568,2,0.5230704545974731,0.23021872341632843,-1.061918020248413,APOLOGIZE 
0:00:02.831568,3,0.5378698110580444,0.2349381446838379,-1.0615713596343994,APOLOGIZE 
0:00:02.831568,4,0.464303582906723,0.21582767367362976,-1.0714983940124512,APOLOGIZE 
0:00:02.831568,5,0.44658106565475464,0.213066965341568,-1.071462869644165,APOLOGIZE 
0:00:02.831568,6,0.4281710684299469,0.2116619199514389,-1.0721744298934937,APOLOGIZE 
0:00:02.831568,7,0.555471658706665,0.26899847388267517,-0.5588391423225403,APOLOGIZE 
0:00:02.831568,8,0.39768069982528687,0.23853734135627747,-0.5963495373725891,APOLOGIZE 
0:00:02.831568,9,0.500389575958252,0.33630165457725525,-0.9474278688430786,APOLOGIZE 
0:00:02.831568,10,0.4443391263484955,0.3216012716293335,-0.9593207240104675,APOLOGIZE 
0:00:02.831568,11,0.6204930543899536,0.5395408868789673,-0.18209964036941528,APOLOGIZE 
0:00:02.831568,12,0.28769272565841675,0.5215903520584106,-0.4411298334598541,APOLOGIZE 
0:00:02.831568,13,0.648009717464447,0.9403974413871765,-0.4348457455635071,APOLOGIZE 
0:00:02.831568,14,0.22363869845867157,0.9233628511428833,-0.9483269453048706,APOLOGIZE 
0:00:02.831568,15,0.6353562474250793,0.986149251461029,-1.0460704565048218,APOLOGIZE 
0:00:02.831568,16,0.48239463567733765,0.7288439869880676,-1.5998231172561646,APOLOGIZE 
0:00:02.831568,17,0.6366402506828308,1.0215458869934082,-1.1629430055618286,APOLOGIZE 
0:00:02.831568,18,0.5385268926620483,0.6517369151115417,-1.7480981349945068,APOLOGIZE 
0:00:02.831568,19,0.6309508681297302,0.9791876077651978,-1.1827908754348755,APOLOGIZE 
0:00:02.831568,20,0.5334209203720093,0.6023616790771484,-1.6980682611465454,APOLOGIZE 
0:00:02.831568,21,0.6150467395782471,0.9697722792625427,-1.0748002529144287,APOLOGIZE 
0:00:02.831568,22,0.5219458341598511,0.63242506980896,-1.5876754522323608,APOLOGIZE 
0:00:02.831568,23,0.5643672347068787,1.2035906314849854,-0.018513448536396027,APOLOGIZE 
0:00:02.831568,24,0.2919824421405792,1.1953226327896118,0.02208707295358181,APOLOGIZE 
0:00:02.831568,25,0.5255945324897766,1.7336351871490479,0.07445214688777924,APOLOGIZE 
0:00:02.831568,26,0.2759290337562561,1.703811764717102,0.17635439336299896,APOLOGIZE 
0:00:02.831568,27,0.5033700466156006,2.1759042739868164,0.6176463961601257,APOLOGIZE 
0:00:02.831568,28,0.2698485255241394,2.1487057209014893,0.7318078279495239,APOLOGIZE 
0:00:02.831568,29,0.5028901100158691,2.2432754039764404,0.6477178335189819,APOLOGIZE 
0:00:02.831568,30,0.25703099370002747,2.214512586593628,0.7713153958320618,APOLOGIZE 
0:00:02.831568,31,0.46695899963378906,2.330265998840332,0.12490686029195786,APOLOGIZE 
0:00:02.831568,32,0.3039916157722473,2.2976670265197754,0.17830704152584076,APOLOGIZE 
0:00:02.897826,0,0.48157602548599243,0.2712792754173279,-1.0799893140792847,APOLOGIZE 
0:00:02.897826,1,0.5099520087242126,0.2290685772895813,-1.0052523612976074,APOLOGIZE 
0:00:02.897826,2,0.5236519575119019,0.23346802592277527,-1.0054562091827393,APOLOGIZE 
0:00:02.897826,3,0.5385072827339172,0.23816698789596558,-1.0051500797271729,APOLOGIZE 
0:00:02.897826,4,0.4647284150123596,0.2187218815088272,-1.014112949371338,APOLOGIZE 
0:00:02.897826,5,0.4468997120857239,0.21579383313655853,-1.0139973163604736,APOLOGIZE 
0:00:02.897826,6,0.4285922050476074,0.21400214731693268,-1.0146645307540894,APOLOGIZE 
0:00:02.897826,7,0.556536078453064,0.27235785126686096,-0.5153497457504272,APOLOGIZE 
0:00:02.897826,8,0.3985075354576111,0.23983553051948547,-0.5445736050605774,APOLOGIZE 
0:00:02.897826,9,0.5005784630775452,0.3391598165035248,-0.8965479731559753,APOLOGIZE 
0:00:02.897826,10,0.4446137845516205,0.3250957131385803,-0.9061373472213745,APOLOGIZE 
0:00:02.897826,11,0.6220968961715698,0.5398069620132446,-0.1801321655511856,APOLOGIZE 
0:00:02.897826,12,0.2889280617237091,0.5208425521850586,-0.39492174983024597,APOLOGIZE 
0:00:02.897826,13,0.648823618888855,0.923787534236908,-0.5339940190315247,APOLOGIZE 
0:00:02.897826,14,0.22430816292762756,0.9210186004638672,-0.9132916331291199,APOLOGIZE 
0:00:02.897826,15,0.6303665637969971,0.8862829804420471,-1.2411894798278809,APOLOGIZE 
0:00:02.897826,16,0.48635903000831604,0.7271106839179993,-1.5288256406784058,APOLOGIZE 
0:00:02.897826,17,0.6235653162002563,0.8856319189071655,-1.3719276189804077,APOLOGIZE 
0:00:02.897826,18,0.5414499044418335,0.651541531085968,-1.6649971008300781,APOLOGIZE 
0:00:02.897826,19,0.597223699092865,0.7796163558959961,-1.353122353553772,APOLOGIZE 
0:00:02.897826,20,0.5384067893028259,0.6011667847633362,-1.6023552417755127,APOLOGIZE 
0:00:02.897826,21,0.5969741344451904,0.8023492097854614,-1.2559462785720825,APOLOGIZE 
0:00:02.897826,22,0.526517927646637,0.6340148448944092,-1.510623812675476,APOLOGIZE 
0:00:02.897826,23,0.5646657943725586,1.2027454376220703,-0.018899230286478996,APOLOGIZE 
0:00:02.897826,24,0.29029029607772827,1.1927534341812134,0.02249031327664852,APOLOGIZE 
0:00:02.897826,25,0.5238862633705139,1.730832576751709,0.08754198998212814,APOLOGIZE 
0:00:02.897826,26,0.27598610520362854,1.6995381116867065,0.19545181095600128,APOLOGIZE 
0:00:02.897826,27,0.5014702677726746,2.1727938652038574,0.6395841836929321,APOLOGIZE 
0:00:02.897826,28,0.2697077989578247,2.14294171333313,0.7639094591140747,APOLOGIZE 
0:00:02.897826,29,0.5008490085601807,2.239004373550415,0.6649381518363953,APOLOGIZE 
0:00:02.897826,30,0.2568696439266205,2.207371711730957,0.8059595227241516,APOLOGIZE 
0:00:02.897826,31,0.4659973680973053,2.3265273571014404,0.13130560517311096,APOLOGIZE 
0:00:02.897826,32,0.3038141131401062,2.2931060791015625,0.2259770929813385,APOLOGIZE 
0:00:02.977029,0,0.4815015196800232,0.274399071931839,-1.0150210857391357,APOLOGIZE 
0:00:02.977029,1,0.5099347233772278,0.23135866224765778,-0.9433525204658508,APOLOGIZE 
0:00:02.977029,2,0.5236927270889282,0.23573137819766998,-0.9435566067695618,APOLOGIZE 
0:00:02.977029,3,0.5384930372238159,0.24048152565956116,-0.9433125257492065,APOLOGIZE 
0:00:02.977029,4,0.4646846652030945,0.22129486501216888,-0.9512829780578613,APOLOGIZE 
0:00:02.977029,5,0.4467986226081848,0.21829810738563538,-0.9510967135429382,APOLOGIZE 
0:00:02.977029,6,0.428541898727417,0.21611355245113373,-0.9517698287963867,APOLOGIZE 
0:00:02.977029,7,0.5577061176300049,0.27596884965896606,-0.47344914078712463,APOLOGIZE 
0:00:02.977029,8,0.3991270363330841,0.240980327129364,-0.5003008842468262,APOLOGIZE 
0:00:02.977029,9,0.5005635023117065,0.34250399470329285,-0.8393500447273254,APOLOGIZE 
0:00:02.977029,10,0.4445820748806,0.3280879855155945,-0.84812992811203,APOLOGIZE 
0:00:02.977029,11,0.6236716508865356,0.5398946404457092,-0.17767295241355896,APOLOGIZE 
0:00:02.977029,12,0.2899637520313263,0.5204658508300781,-0.35006871819496155,APOLOGIZE 
0:00:02.977029,13,0.6489148139953613,0.921249508857727,-0.5434080362319946,APOLOGIZE 
0:00:02.977029,14,0.22265151143074036,0.9150099158287048,-0.862402081489563,APOLOGIZE 
0:00:02.977029,15,0.6326152682304382,0.8475935459136963,-1.2640869617462158,APOLOGIZE 
0:00:02.977029,16,0.48389163613319397,0.7401313185691833,-1.4907257556915283,APOLOGIZE 
0:00:02.977029,17,0.5977998971939087,0.8422383069992065,-1.399223804473877,APOLOGIZE 
0:00:02.977029,18,0.5395090579986572,0.685539186000824,-1.6271612644195557,APOLOGIZE 
0:00:02.977029,19,0.5931271314620972,0.7243126630783081,-1.3721908330917358,APOLOGIZE 
0:00:02.977029,20,0.5394293665885925,0.6377090811729431,-1.5667259693145752,APOLOGIZE 
0:00:02.977029,21,0.59199059009552,0.757659912109375,-1.2762115001678467,APOLOGIZE 
0:00:02.977029,22,0.5269158482551575,0.6597496867179871,-1.4736357927322388,APOLOGIZE 
0:00:02.977029,23,0.5623748898506165,1.2014552354812622,-0.0197202879935503,APOLOGIZE 
0:00:02.977029,24,0.2852090299129486,1.1890496015548706,0.023310672491788864,APOLOGIZE 
0:00:02.977029,25,0.5149282217025757,1.7284611463546753,0.1017470508813858,APOLOGIZE 
0:00:02.977029,26,0.26947543025016785,1.6915346384048462,0.1991952359676361,APOLOGIZE 
0:00:02.977029,27,0.4878973066806793,2.1700029373168945,0.6621003746986389,APOLOGIZE 
0:00:02.977029,28,0.2529284358024597,2.134373903274536,0.7506769895553589,APOLOGIZE 
0:00:02.977029,29,0.48709720373153687,2.2350502014160156,0.6870101690292358,APOLOGIZE 
0:00:02.977029,30,0.23880496621131897,2.19801926612854,0.791090190410614,APOLOGIZE 
0:00:02.977029,31,0.44877004623413086,2.3238751888275146,0.15361040830612183,APOLOGIZE 
0:00:02.977029,32,0.2853690981864929,2.28704571723938,0.21402522921562195,APOLOGIZE 
0:00:03.044087,0,0.4818689823150635,0.27584388852119446,-1.0358104705810547,APOLOGIZE 
0:00:03.044087,1,0.5102954506874084,0.23254013061523438,-0.963196873664856,APOLOGIZE 
0:00:03.044087,2,0.5241442918777466,0.23690856993198395,-0.9633362889289856,APOLOGIZE 
0:00:03.044087,3,0.5388087630271912,0.24158655107021332,-0.9631174206733704,APOLOGIZE 
0:00:03.044087,4,0.4649512767791748,0.22247664630413055,-0.9713241457939148,APOLOGIZE 
0:00:03.044087,5,0.44695281982421875,0.21944986283779144,-0.9711451530456543,APOLOGIZE 
0:00:03.044087,6,0.42881935834884644,0.2171752005815506,-0.971850574016571,APOLOGIZE 
0:00:03.044087,7,0.5584472417831421,0.2772686183452606,-0.483524888753891,APOLOGIZE 
0:00:03.044087,8,0.39964935183525085,0.24191062152385712,-0.5108062028884888,APOLOGIZE 
0:00:03.044087,9,0.5010403394699097,0.3439614176750183,-0.8550996780395508,APOLOGIZE 
0:00:03.044087,10,0.4450526833534241,0.32934510707855225,-0.8640411496162415,APOLOGIZE 
0:00:03.044087,11,0.6244901418685913,0.5399094820022583,-0.1706487536430359,APOLOGIZE 
0:00:03.044087,12,0.2911390960216522,0.5187104344367981,-0.36532217264175415,APOLOGIZE 
0:00:03.044087,13,0.6492623090744019,0.9180657863616943,-0.49597954750061035,APOLOGIZE 
0:00:03.044087,14,0.22137923538684845,0.9094228148460388,-0.8864596486091614,APOLOGIZE 
0:00:03.044087,15,0.6411529183387756,0.8480547070503235,-1.2046358585357666,APOLOGIZE 
0:00:03.044087,16,0.48305612802505493,0.7445366978645325,-1.5258983373641968,APOLOGIZE 
0:00:03.044087,17,0.6310771703720093,0.8481159210205078,-1.3365650177001953,APOLOGIZE 
0:00:03.044087,18,0.5395628213882446,0.6947050094604492,-1.6657787561416626,APOLOGIZE 
0:00:03.044087,19,0.5900657176971436,0.7089478969573975,-1.3215324878692627,APOLOGIZE 
0:00:03.044087,20,0.5401687026023865,0.6406198143959045,-1.610764503479004,APOLOGIZE 
0:00:03.044087,21,0.5884639620780945,0.726004958152771,-1.221518874168396,APOLOGIZE 
0:00:03.044087,22,0.5278110504150391,0.6665668487548828,-1.5105103254318237,APOLOGIZE 
0:00:03.044087,23,0.560717761516571,1.2000213861465454,-0.019560817629098892,APOLOGIZE 
0:00:03.044087,24,0.282794326543808,1.1863791942596436,0.02317424677312374,APOLOGIZE 
0:00:03.044087,25,0.507653534412384,1.7258108854293823,0.10069727897644043,APOLOGIZE 
0:00:03.044087,26,0.2634980082511902,1.6856375932693481,0.17262832820415497,APOLOGIZE 
0:00:03.044087,27,0.4791366457939148,2.1674351692199707,0.6551727056503296,APOLOGIZE 
0:00:03.044087,28,0.2431219071149826,2.128863573074341,0.6971439123153687,APOLOGIZE 
0:00:03.044087,29,0.47802844643592834,2.2319700717926025,0.6788236498832703,APOLOGIZE 
0:00:03.044087,30,0.22877061367034912,2.1927342414855957,0.7348031997680664,APOLOGIZE 
0:00:03.044087,31,0.4395003914833069,2.3210296630859375,0.14591321349143982,APOLOGIZE 
0:00:03.044087,32,0.27526119351387024,2.2813832759857178,0.1594824492931366,APOLOGIZE 
0:00:03.119047,0,0.4820006787776947,0.2815497815608978,-1.2885428667068481,APOLOGIZE 
0:00:03.119047,1,0.5109208822250366,0.23724152147769928,-1.2067922353744507,APOLOGIZE 
0:00:03.119047,2,0.5248402953147888,0.24163146317005157,-1.206781029701233,APOLOGIZE 
0:00:03.119047,3,0.5394886136054993,0.246599018573761,-1.2063353061676025,APOLOGIZE 
0:00:03.119047,4,0.4652464985847473,0.22766868770122528,-1.218693733215332,APOLOGIZE 
0:00:03.119047,5,0.4472583830356598,0.22461697459220886,-1.218588948249817,APOLOGIZE 
0:00:03.119047,6,0.4292001724243164,0.22159695625305176,-1.2193266153335571,APOLOGIZE 
0:00:03.119047,7,0.5595287680625916,0.28294745087623596,-0.6812799572944641,APOLOGIZE 
0:00:03.119047,8,0.40142759680747986,0.2449076771736145,-0.7242591977119446,APOLOGIZE 
0:00:03.119047,9,0.5012210607528687,0.348818302154541,-1.0896573066711426,APOLOGIZE 
0:00:03.119047,10,0.44507351517677307,0.3335334062576294,-1.1032782793045044,APOLOGIZE 
0:00:03.119047,11,0.6245983839035034,0.5412870049476624,-0.2603148818016052,APOLOGIZE 
0:00:03.119047,12,0.29108867049217224,0.5280837416648865,-0.5514513254165649,APOLOGIZE 
0:00:03.119047,13,0.6463046669960022,0.9184936285018921,-0.4018254280090332,APOLOGIZE 
0:00:03.119047,14,0.2095814049243927,0.9155600070953369,-0.967695415019989,APOLOGIZE 
0:00:03.119047,15,0.633759081363678,1.0439879894256592,-0.9883109331130981,APOLOGIZE 
0:00:03.119047,16,0.48074454069137573,0.832353949546814,-1.6118990182876587,APOLOGIZE 
0:00:03.119047,17,0.6319085359573364,1.0902751684188843,-1.1113466024398804,APOLOGIZE 
0:00:03.119047,18,0.5366758108139038,0.8031553030014038,-1.769557237625122,APOLOGIZE 
0:00:03.119047,19,0.6098739504814148,1.057773470878601,-1.1347262859344482,APOLOGIZE 
0:00:03.119047,20,0.5382483005523682,0.7478402256965637,-1.7335147857666016,APOLOGIZE 
0:00:03.119047,21,0.5958966016769409,1.042855143547058,-1.020241141319275,APOLOGIZE 
0:00:03.119047,22,0.5248661637306213,0.751867413520813,-1.602142333984375,APOLOGIZE 
0:00:03.119047,23,0.5556681752204895,1.204321265220642,-0.017020149156451225,APOLOGIZE 
0:00:03.119047,24,0.28276655077934265,1.1877518892288208,0.020613327622413635,APOLOGIZE 
0:00:03.119047,25,0.5135109424591064,1.7294648885726929,0.09055726230144501,APOLOGIZE 
0:00:03.119047,26,0.28049853444099426,1.694519281387329,0.1536496877670288,APOLOGIZE 
0:00:03.119047,27,0.4908790588378906,2.1788549423217773,0.674062967300415,APOLOGIZE 
0:00:03.119047,28,0.27114638686180115,2.1484110355377197,0.6869050860404968,APOLOGIZE 
0:00:03.119047,29,0.4896599352359772,2.2454402446746826,0.6997565031051636,APOLOGIZE 
0:00:03.119047,30,0.2566806972026825,2.2156052589416504,0.7259512543678284,APOLOGIZE 
0:00:03.119047,31,0.44962841272354126,2.335197925567627,0.14655578136444092,APOLOGIZE 
0:00:03.119047,32,0.308915376663208,2.3010635375976562,0.11962302029132843,APOLOGIZE 
0:00:03.198455,0,0.4820631146430969,0.2843076288700104,-1.3033742904663086,APOLOGIZE 
0:00:03.198455,1,0.5113147497177124,0.2395889312028885,-1.2211164236068726,APOLOGIZE 
0:00:03.198455,2,0.5253061056137085,0.24397987127304077,-1.2211215496063232,APOLOGIZE 
0:00:03.198455,3,0.5399232506752014,0.24905911087989807,-1.2206871509552002,APOLOGIZE 
0:00:03.198455,4,0.4654276371002197,0.23028336465358734,-1.233155369758606,APOLOGIZE 
0:00:03.198455,5,0.44743505120277405,0.22722595930099487,-1.2330597639083862,APOLOGIZE 
0:00:03.198455,6,0.42944949865341187,0.22392603754997253,-1.2337965965270996,APOLOGIZE 
0:00:03.198455,7,0.5603322982788086,0.28577765822410583,-0.6954067349433899,APOLOGIZE 
0:00:03.198455,8,0.4024697244167328,0.24667488038539886,-0.7391465902328491,APOLOGIZE 
0:00:03.198455,9,0.5012932419776917,0.3511278033256531,-1.1048270463943481,APOLOGIZE 
0:00:03.198455,10,0.4450703263282776,0.33551886677742004,-1.1186033487319946,APOLOGIZE 
0:00:03.198455,11,0.6246458292007446,0.5425790548324585,-0.2739834189414978,APOLOGIZE 
0:00:03.198455,12,0.29104873538017273,0.5332925319671631,-0.5656640529632568,APOLOGIZE 
0:00:03.198455,13,0.6445574760437012,0.9188919067382812,-0.36797648668289185,APOLOGIZE 
0:00:03.198455,14,0.20434924960136414,0.9197841882705688,-0.9695611000061035,APOLOGIZE 
0:00:03.198455,15,0.6311723589897156,1.0961662530899048,-0.9298901557922363,APOLOGIZE 
0:00:03.198455,16,0.47929853200912476,0.8489359617233276,-1.6101630926132202,APOLOGIZE 
0:00:03.198455,17,0.635459303855896,1.1501522064208984,-1.0506528615951538,APOLOGIZE 
0:00:03.198455,18,0.5354568362236023,0.8186837434768677,-1.7681421041488647,APOLOGIZE 
0:00:03.198455,19,0.6176687479019165,1.1228811740875244,-1.0809125900268555,APOLOGIZE 
0:00:03.198455,20,0.5377361178398132,0.7635364532470703,-1.7349119186401367,APOLOGIZE 
0:00:03.198455,21,0.6002985835075378,1.103670358657837,-0.9640969038009644,APOLOGIZE 
0:00:03.198455,22,0.523677408695221,0.766485869884491,-1.6014516353607178,APOLOGIZE 
0:00:03.198455,23,0.5529050230979919,1.2074991464614868,-0.01588658057153225,APOLOGIZE 
0:00:03.198455,24,0.28276705741882324,1.1892216205596924,0.019460659474134445,APOLOGIZE 
0:00:03.198455,25,0.5172457695007324,1.7328143119812012,0.08460433036088943,APOLOGIZE 
0:00:03.198455,26,0.2879042327404022,1.7007685899734497,0.15128910541534424,APOLOGIZE 
0:00:03.198455,27,0.4976843297481537,2.186281681060791,0.6841843128204346,APOLOGIZE 
0:00:03.198455,28,0.28204578161239624,2.1592633724212646,0.6906366944313049,APOLOGIZE 
0:00:03.198455,29,0.4965032935142517,2.2538092136383057,0.7108045816421509,APOLOGIZE 
0:00:03.198455,30,0.26768365502357483,2.2277512550354004,0.7302802205085754,APOLOGIZE 
0:00:03.198455,31,0.4564225673675537,2.343733072280884,0.14680667221546173,APOLOGIZE 
0:00:03.198455,32,0.3207264840602875,2.3115153312683105,0.12041714042425156,APOLOGIZE 
0:00:03.282942,0,0.4820930063724518,0.292009174823761,-1.4475699663162231,APOLOGIZE 
0:00:03.282942,1,0.511559247970581,0.2462787926197052,-1.3709924221038818,APOLOGIZE 
0:00:03.282942,2,0.5256561040878296,0.250333696603775,-1.3709981441497803,APOLOGIZE 
0:00:03.282942,3,0.5403586030006409,0.2553558945655823,-1.3706820011138916,APOLOGIZE 
0:00:03.282942,4,0.46541571617126465,0.2369351089000702,-1.3812859058380127,APOLOGIZE 
0:00:03.282942,5,0.44741496443748474,0.23388732969760895,-1.3812280893325806,APOLOGIZE 
0:00:03.282942,6,0.4294199049472809,0.23064398765563965,-1.3819544315338135,APOLOGIZE 
0:00:03.282942,7,0.561294674873352,0.29009294509887695,-0.8473557233810425,APOLOGIZE 
0:00:03.282942,8,0.4037412703037262,0.25402772426605225,-0.8853829503059387,APOLOGIZE 
0:00:03.282942,9,0.5017146468162537,0.3581816852092743,-1.2480061054229736,APOLOGIZE 
0:00:03.282942,10,0.44509974122047424,0.34322884678840637,-1.2601995468139648,APOLOGIZE 
0:00:03.282942,11,0.627041757106781,0.5488573908805847,-0.395682156085968,APOLOGIZE 
0:00:03.282942,12,0.2918476462364197,0.5371997356414795,-0.6615263819694519,APOLOGIZE 
0:00:03.282942,13,0.6472582817077637,0.9376042485237122,-0.22461466491222382,APOLOGIZE 
0:00:03.282942,14,0.17405134439468384,0.9216839075088501,-0.9690514802932739,APOLOGIZE 
0:00:03.282942,15,0.6565037965774536,1.273168683052063,-0.5504862070083618,APOLOGIZE 
0:00:03.282942,16,0.4492756426334381,0.8613993525505066,-1.5878974199295044,APOLOGIZE 
0:00:03.282942,17,0.6775615215301514,1.3741686344146729,-0.6320263147354126,APOLOGIZE 
0:00:03.282942,18,0.519318699836731,0.8447796702384949,-1.7419151067733765,APOLOGIZE 
0:00:03.282942,19,0.6558879613876343,1.363114595413208,-0.7098039388656616,APOLOGIZE 
0:00:03.282942,20,0.5296448469161987,0.7864896655082703,-1.721706748008728,APOLOGIZE 
0:00:03.282942,21,0.6344119310379028,1.3220069408416748,-0.5966091752052307,APOLOGIZE 
0:00:03.282942,22,0.5105389952659607,0.784522294998169,-1.5837746858596802,APOLOGIZE 
0:00:03.282942,23,0.5421904921531677,1.2131181955337524,-0.016631312668323517,APOLOGIZE 
0:00:03.282942,24,0.28217369318008423,1.194595456123352,0.019982606172561646,APOLOGIZE 
0:00:03.282942,25,0.5173283815383911,1.7447651624679565,0.07409308105707169,APOLOGIZE 
0:00:03.282942,26,0.28870922327041626,1.713243007659912,0.08989367634057999,APOLOGIZE 
0:00:03.282942,27,0.4978126883506775,2.207287311553955,0.7487711906433105,APOLOGIZE 
0:00:03.282942,28,0.28401654958724976,2.1892030239105225,0.6319882273674011,APOLOGIZE 
0:00:03.282942,29,0.4966954290866852,2.275736093521118,0.7808581590652466,APOLOGIZE 
0:00:03.282942,30,0.27133768796920776,2.263633966445923,0.6702532172203064,APOLOGIZE 
0:00:03.282942,31,0.45686036348342896,2.3688690662384033,0.18967270851135254,APOLOGIZE 
0:00:03.282942,32,0.3190370798110962,2.337846517562866,0.021550150588154793,APOLOGIZE 
0:00:03.364832,0,0.4821256101131439,0.2952133119106293,-1.4454715251922607,APOLOGIZE 
0:00:03.364832,1,0.5117768049240112,0.24948453903198242,-1.3689316511154175,APOLOGIZE 
0:00:03.364832,2,0.5259621143341064,0.25350886583328247,-1.3689627647399902,APOLOGIZE 
0:00:03.364832,3,0.5406669974327087,0.25854212045669556,-1.3686742782592773,APOLOGIZE 
0:00:03.364832,4,0.46540650725364685,0.2399391382932663,-1.378170371055603,APOLOGIZE 
0:00:03.364832,5,0.4473901391029358,0.23679842054843903,-1.3780829906463623,APOLOGIZE 
0:00:03.364832,6,0.42939430475234985,0.233432799577713,-1.3788052797317505,APOLOGIZE 
0:00:03.364832,7,0.5619035363197327,0.29242417216300964,-0.8481680154800415,APOLOGIZE 
0:00:03.364832,8,0.4046613276004791,0.2567523419857025,-0.8809865117073059,APOLOGIZE 
0:00:03.364832,9,0.5020425915718079,0.3610413372516632,-1.2466158866882324,APOLOGIZE 
0:00:03.364832,10,0.44510602951049805,0.3461582362651825,-1.2573071718215942,APOLOGIZE 
0:00:03.364832,11,0.6287573575973511,0.5525779128074646,-0.4014361798763275,APOLOGIZE 
0:00:03.364832,12,0.2920891344547272,0.5409438014030457,-0.6506015062332153,APOLOGIZE 
0:00:03.364832,13,0.6489109992980957,0.9462160468101501,-0.22305600345134735,APOLOGIZE 
0:00:03.364832,14,0.1674063503742218,0.9264971017837524,-0.9494215846061707,APOLOGIZE 
0:00:03.364832,15,0.6676985025405884,1.2634003162384033,-0.5643647909164429,APOLOGIZE 
0:00:03.364832,16,0.43842196464538574,0.8675269484519958,-1.5689010620117188,APOLOGIZE 
0:00:03.364832,17,0.6893287301063538,1.3605676889419556,-0.6520381569862366,APOLOGIZE 
0:00:03.364832,18,0.5112122297286987,0.8505122065544128,-1.7236127853393555,APOLOGIZE 
0:00:03.364832,19,0.6677932739257812,1.3449721336364746,-0.7271354794502258,APOLOGIZE 
0:00:03.364832,20,0.5234913229942322,0.7905315160751343,-1.7071117162704468,APOLOGIZE 
0:00:03.364832,21,0.6469185948371887,1.304972767829895,-0.6100372076034546,APOLOGIZE 
0:00:03.364832,22,0.5020803213119507,0.7889500856399536,-1.5668472051620483,APOLOGIZE 
0:00:03.364832,23,0.5396367311477661,1.220537543296814,-0.018182063475251198,APOLOGIZE 
0:00:03.364832,24,0.2816724181175232,1.202614665031433,0.02135455049574375,APOLOGIZE 
0:00:03.364832,25,0.517203688621521,1.7545912265777588,0.07458414137363434,APOLOGIZE 
0:00:03.364832,26,0.2877824008464813,1.7237142324447632,0.1015622466802597,APOLOGIZE 
0:00:03.364832,27,0.49729663133621216,2.218224287033081,0.7841338515281677,APOLOGIZE 
0:00:03.364832,28,0.28268736600875854,2.2021408081054688,0.6620737314224243,APOLOGIZE 
0:00:03.364832,29,0.49571388959884644,2.2869811058044434,0.8179656863212585,APOLOGIZE 
0:00:03.364832,30,0.27040940523147583,2.277557134628296,0.7024120092391968,APOLOGIZE 
0:00:03.364832,31,0.457195907831192,2.381115198135376,0.2288474142551422,APOLOGIZE 
0:00:03.364832,32,0.31737056374549866,2.3499951362609863,0.06227102130651474,APOLOGIZE 
0:00:03.445537,0,0.48213180899620056,0.2959822714328766,-1.4631068706512451,APOLOGIZE 
0:00:03.445537,1,0.5119274854660034,0.2503437399864197,-1.3854845762252808,APOLOGIZE 
0:00:03.445537,2,0.5263000726699829,0.25432103872299194,-1.385512113571167,APOLOGIZE 
0:00:03.445537,3,0.541073203086853,0.2593023180961609,-1.3851995468139648,APOLOGIZE 
0:00:03.445537,4,0.4653150141239166,0.24144874513149261,-1.3969959020614624,APOLOGIZE 
0:00:03.445537,5,0.44713395833969116,0.23882269859313965,-1.3967479467391968,APOLOGIZE 
0:00:03.445537,6,0.42923039197921753,0.23611347377300262,-1.3974249362945557,APOLOGIZE 
0:00:03.445537,7,0.5628910064697266,0.29392561316490173,-0.85816890001297,APOLOGIZE 
0:00:03.445537,8,0.40506210923194885,0.2606084942817688,-0.9006463289260864,APOLOGIZE 
0:00:03.445537,9,0.5026412606239319,0.36213555932044983,-1.2626124620437622,APOLOGIZE 
0:00:03.445537,10,0.4450942575931549,0.347799688577652,-1.276434063911438,APOLOGIZE 
0:00:03.445537,11,0.6305773854255676,0.5590162873268127,-0.41397786140441895,APOLOGIZE 
0:00:03.445537,12,0.2920675575733185,0.5483710765838623,-0.6701684594154358,APOLOGIZE 
0:00:03.445537,13,0.6491140723228455,0.9552510380744934,-0.21143324673175812,APOLOGIZE 
0:00:03.445537,14,0.13324514031410217,0.9345595240592957,-0.9798089265823364,APOLOGIZE 
0:00:03.445537,15,0.6703578233718872,1.282334566116333,-0.5233680009841919,APOLOGIZE 
0:00:03.445537,16,0.41353639960289,0.8648079037666321,-1.6328842639923096,APOLOGIZE 
0:00:03.445537,17,0.6898196935653687,1.3827861547470093,-0.6089754104614258,APOLOGIZE 
0:00:03.445537,18,0.4919135570526123,0.8520198464393616,-1.7963755130767822,APOLOGIZE 
0:00:03.445537,19,0.6685370206832886,1.3683440685272217,-0.6837660074234009,APOLOGIZE 
0:00:03.445537,20,0.5007413625717163,0.7917241454124451,-1.7820812463760376,APOLOGIZE 
0:00:03.445537,21,0.6484767198562622,1.3281559944152832,-0.5691670179367065,APOLOGIZE 
0:00:03.445537,22,0.48097142577171326,0.7889145612716675,-1.6331021785736084,APOLOGIZE 
0:00:03.445537,23,0.5387711524963379,1.2322489023208618,-0.021541044116020203,APOLOGIZE 
0:00:03.445537,24,0.2791241407394409,1.2097121477127075,0.0247125793248415,APOLOGIZE 
0:00:03.445537,25,0.5165168642997742,1.7621310949325562,0.0904846340417862,APOLOGIZE 
0:00:03.445537,26,0.2874096930027008,1.7308361530303955,0.10570243746042252,APOLOGIZE 
0:00:03.445537,27,0.4945455491542816,2.2239325046539307,0.8628835678100586,APOLOGIZE 
0:00:03.445537,28,0.2801513075828552,2.2094228267669678,0.6643845438957214,APOLOGIZE 
0:00:03.445537,29,0.4924779534339905,2.2909626960754395,0.9005614519119263,APOLOGIZE 
0:00:03.445537,30,0.26810452342033386,2.2850253582000732,0.7190130949020386,APOLOGIZE 
0:00:03.445537,31,0.4547615647315979,2.388740062713623,0.29608869552612305,APOLOGIZE 
0:00:03.445537,32,0.31250840425491333,2.357250452041626,0.09471094608306885,APOLOGIZE 
0:00:03.525937,0,0.48226675391197205,0.29636529088020325,-1.452345848083496,APOLOGIZE 
0:00:03.525937,1,0.5123385190963745,0.2506893575191498,-1.3746740818023682,APOLOGIZE 
0:00:03.525937,2,0.52679842710495,0.25458937883377075,-1.374720573425293,APOLOGIZE 
0:00:03.525937,3,0.5415756106376648,0.2594485878944397,-1.374398946762085,APOLOGIZE 
0:00:03.525937,4,0.46537432074546814,0.24220894277095795,-1.3864343166351318,APOLOGIZE 
0:00:03.525937,5,0.44712623953819275,0.23984573781490326,-1.386156439781189,APOLOGIZE 
0:00:03.525937,6,0.42923131585121155,0.2373698204755783,-1.3868516683578491,APOLOGIZE 
0:00:03.525937,7,0.563706636428833,0.2944095730781555,-0.8456540107727051,APOLOGIZE 
0:00:03.525937,8,0.4057915210723877,0.26191410422325134,-0.889840304851532,APOLOGIZE 
0:00:03.525937,9,0.5032716393470764,0.3623686730861664,-1.2512062788009644,APOLOGIZE 
0:00:03.525937,10,0.445190966129303,0.3484644591808319,-1.265438437461853,APOLOGIZE 
0:00:03.525937,11,0.6316195726394653,0.5621312260627747,-0.40100789070129395,APOLOGIZE 
0:00:03.525937,12,0.29205113649368286,0.551426351070404,-0.656426191329956,APOLOGIZE 
0:00:03.525937,13,0.6491215229034424,0.961569607257843,-0.20770254731178284,APOLOGIZE 
0:00:03.525937,14,0.12612423300743103,0.9372539520263672,-0.9724235534667969,APOLOGIZE 
0:00:03.525937,15,0.6658274531364441,1.2701927423477173,-0.546047568321228,APOLOGIZE 
0:00:03.525937,16,0.404915988445282,0.8604698777198792,-1.6373684406280518,APOLOGIZE 
0:00:03.525937,17,0.6824398040771484,1.3654778003692627,-0.6365730166435242,APOLOGIZE 
0:00:03.525937,18,0.4833134114742279,0.8494922518730164,-1.8011783361434937,APOLOGIZE 
0:00:03.525937,19,0.662834644317627,1.3471343517303467,-0.7083697319030762,APOLOGIZE 
0:00:03.525937,20,0.4903798997402191,0.7871541380882263,-1.7867698669433594,APOLOGIZE 
0:00:03.525937,21,0.6435350179672241,1.3088574409484863,-0.5912867784500122,APOLOGIZE 
0:00:03.525937,22,0.47189122438430786,0.7849916219711304,-1.6375480890274048,APOLOGIZE 
0:00:03.525937,23,0.5371370911598206,1.2381798028945923,-0.023420345038175583,APOLOGIZE 
0:00:03.525937,24,0.2771928906440735,1.214034914970398,0.02659355103969574,APOLOGIZE 
0:00:03.525937,25,0.5144494771957397,1.7660362720489502,0.10239096730947495,APOLOGIZE 
0:00:03.525937,26,0.28316134214401245,1.734554648399353,0.12197862565517426,APOLOGIZE 
0:00:03.525937,27,0.48965802788734436,2.2267935276031494,0.8741011619567871,APOLOGIZE 
0:00:03.525937,28,0.27418822050094604,2.2115890979766846,0.7433387041091919,APOLOGIZE 
0:00:03.525937,29,0.4871160089969635,2.293025016784668,0.9116936922073364,APOLOGIZE 
0:00:03.525937,30,0.2624027132987976,2.286240339279175,0.797399640083313,APOLOGIZE 
0:00:03.525937,31,0.45006999373435974,2.3922581672668457,0.30911901593208313,APOLOGIZE 
0:00:03.525937,32,0.30564430356025696,2.360121250152588,0.0988481268286705,APOLOGIZE 
0:00:03.595690,0,0.4829444885253906,0.29694610834121704,-1.4365967512130737,APOLOGIZE 
0:00:03.595690,1,0.5133651494979858,0.25175294280052185,-1.361953854560852,APOLOGIZE 
0:00:03.595690,2,0.5278843641281128,0.2557184100151062,-1.3619534969329834,APOLOGIZE 
0:00:03.595690,3,0.5429002642631531,0.26054251194000244,-1.3617846965789795,APOLOGIZE 
0:00:03.595690,4,0.46591758728027344,0.2430981695652008,-1.3704781532287598,APOLOGIZE 
0:00:03.595690,5,0.4475483298301697,0.24071265757083893,-1.3701425790786743,APOLOGIZE 
0:00:03.595690,6,0.4297674596309662,0.23820053040981293,-1.3708105087280273,APOLOGIZE 
0:00:03.595690,7,0.5647255182266235,0.2954009771347046,-0.845230221748352,APOLOGIZE 
0:00:03.595690,8,0.40704280138015747,0.2627080976963043,-0.8746094703674316,APOLOGIZE 
0:00:03.595690,9,0.5045008063316345,0.36267492175102234,-1.2393357753753662,APOLOGIZE 
0:00:03.595690,10,0.445639431476593,0.34870994091033936,-1.249178171157837,APOLOGIZE 
0:00:03.595690,11,0.632053017616272,0.5661066770553589,-0.4117063581943512,APOLOGIZE 
0:00:03.595690,12,0.29176411032676697,0.5544246435165405,-0.6291777491569519,APOLOGIZE 
0:00:03.595690,13,0.6513324975967407,0.9690837264060974,-0.20141319930553436,APOLOGIZE 
0:00:03.595690,14,0.11113182455301285,0.9475153684616089,-0.958032488822937,APOLOGIZE 
0:00:03.595690,15,0.6732625961303711,1.2778065204620361,-0.515651524066925,APOLOGIZE 
0:00:03.595690,16,0.3959380090236664,0.8636295795440674,-1.593796968460083,APOLOGIZE 
0:00:03.595690,17,0.692844033241272,1.3769567012786865,-0.6047210097312927,APOLOGIZE 
0:00:03.595690,18,0.47682061791419983,0.8498011827468872,-1.7498584985733032,APOLOGIZE 
0:00:03.595690,19,0.6716932058334351,1.3627299070358276,-0.6786705255508423,APOLOGIZE 
0:00:03.595690,20,0.4797112047672272,0.7836877107620239,-1.7320139408111572,APOLOGIZE 
0:00:03.595690,21,0.6515630483627319,1.3228223323822021,-0.5604938864707947,APOLOGIZE 
0:00:03.595690,22,0.4606260359287262,0.7817056179046631,-1.591050624847412,APOLOGIZE 
0:00:03.595690,23,0.5365422964096069,1.2507165670394897,-0.028781726956367493,APOLOGIZE 
0:00:03.595690,24,0.27793893218040466,1.2310746908187866,0.032058071345090866,APOLOGIZE 
0:00:03.595690,25,0.5113378763198853,1.7804700136184692,0.10189014673233032,APOLOGIZE 
0:00:03.595690,26,0.27242234349250793,1.7496098279953003,0.1375073939561844,APOLOGIZE 
0:00:03.595690,27,0.4851636290550232,2.240644693374634,0.8656306266784668,APOLOGIZE 
0:00:03.595690,28,0.25655487179756165,2.2270967960357666,0.7803711295127869,APOLOGIZE 
0:00:03.595690,29,0.4824979305267334,2.3072333335876465,0.903769314289093,APOLOGIZE 
0:00:03.595690,30,0.2443465292453766,2.3025050163269043,0.8302226066589355,APOLOGIZE 
0:00:03.595690,31,0.4450511932373047,2.4074337482452393,0.30301931500434875,APOLOGIZE 
0:00:03.595690,32,0.2845551073551178,2.37804913520813,0.1400061994791031,APOLOGIZE 
0:00:03.669022,0,0.48350945115089417,0.29665443301200867,-1.4108941555023193,APOLOGIZE 
0:00:03.669022,1,0.5139151811599731,0.2515881657600403,-1.3356654644012451,APOLOGIZE 
0:00:03.669022,2,0.5285879373550415,0.25550663471221924,-1.3356930017471313,APOLOGIZE 
0:00:03.669022,3,0.5437864065170288,0.260219007730484,-1.3355306386947632,APOLOGIZE 
0:00:03.669022,4,0.46629539132118225,0.24305790662765503,-1.3447818756103516,APOLOGIZE 
0:00:03.669022,5,0.4477705955505371,0.24070066213607788,-1.3444225788116455,APOLOGIZE 
0:00:03.669022,6,0.43018031120300293,0.23814937472343445,-1.3451266288757324,APOLOGIZE 
0:00:03.669022,7,0.566083550453186,0.2950879633426666,-0.8140217661857605,APOLOGIZE 
0:00:03.669022,8,0.4077349305152893,0.2624942362308502,-0.8457061052322388,APOLOGIZE 
0:00:03.669022,9,0.5053843855857849,0.36228686571121216,-1.2117156982421875,APOLOGIZE 
0:00:03.669022,10,0.4463135302066803,0.3483896851539612,-1.222164273262024,APOLOGIZE 
0:00:03.669022,11,0.6323469877243042,0.5680186748504639,-0.37915298342704773,APOLOGIZE 
0:00:03.669022,12,0.2917483150959015,0.5545186400413513,-0.6042794585227966,APOLOGIZE 
0:00:03.669022,13,0.6514610052108765,0.9729518294334412,-0.16073301434516907,APOLOGIZE 
0:00:03.669022,14,0.1065782681107521,0.9476985931396484,-0.9404670000076294,APOLOGIZE 
0:00:03.669022,15,0.6703387498855591,1.2433284521102905,-0.48848956823349,APOLOGIZE 
0:00:03.669022,16,0.3912949562072754,0.8638732433319092,-1.5797241926193237,APOLOGIZE 
0:00:03.669022,17,0.6866909265518188,1.3295942544937134,-0.5772537589073181,APOLOGIZE 
0:00:03.669022,18,0.47194451093673706,0.8488401770591736,-1.7371565103530884,APOLOGIZE 
0:00:03.669022,19,0.6685167551040649,1.3081729412078857,-0.644585371017456,APOLOGIZE 
0:00:03.669022,20,0.4728303551673889,0.7834966778755188,-1.722640037536621,APOLOGIZE 
0:00:03.669022,21,0.6495501399040222,1.273841381072998,-0.5308088064193726,APOLOGIZE 
0:00:03.669022,22,0.45333313941955566,0.7810468673706055,-1.5784375667572021,APOLOGIZE 
0:00:03.669022,23,0.5360967516899109,1.2572983503341675,-0.029916509985923767,APOLOGIZE 
0:00:03.669022,24,0.27647870779037476,1.2330092191696167,0.033265210688114166,APOLOGIZE 
0:00:03.669022,25,0.5102041363716125,1.7881360054016113,0.10558273643255234,APOLOGIZE 
0:00:03.669022,26,0.2674397826194763,1.7578825950622559,0.1674197018146515,APOLOGIZE 
0:00:03.669022,27,0.483222633600235,2.2478725910186768,0.8636423349380493,APOLOGIZE 
0:00:03.669022,28,0.24967285990715027,2.2353477478027344,0.8187381625175476,APOLOGIZE 
0:00:03.669022,29,0.48069682717323303,2.3140530586242676,0.9010134935379028,APOLOGIZE 
0:00:03.669022,30,0.23720169067382812,2.309669017791748,0.8682987093925476,APOLOGIZE 
0:00:03.669022,31,0.44300490617752075,2.4153242111206055,0.29935508966445923,APOLOGIZE 
0:00:03.669022,32,0.2780304551124573,2.3884809017181396,0.19181671738624573,APOLOGIZE 
0:00:03.743370,0,0.48413339257240295,0.2967166006565094,-1.4671103954315186,APOLOGIZE 
0:00:03.743370,1,0.5147929787635803,0.25178179144859314,-1.394327163696289,APOLOGIZE 
0:00:03.743370,2,0.5296216011047363,0.25572657585144043,-1.3942691087722778,APOLOGIZE 
0:00:03.743370,3,0.5450326204299927,0.2603602707386017,-1.3939664363861084,APOLOGIZE 
0:00:03.743370,4,0.46685990691185,0.24321894347667694,-1.403280258178711,APOLOGIZE 
0:00:03.743370,5,0.44814711809158325,0.24082070589065552,-1.4029847383499146,APOLOGIZE 
0:00:03.743370,6,0.43068552017211914,0.23820491135120392,-1.4036870002746582,APOLOGIZE 
0:00:03.743370,7,0.5674425959587097,0.2952505052089691,-0.8691104054450989,APOLOGIZE 
0:00:03.743370,8,0.40802496671676636,0.2623239755630493,-0.9015238881111145,APOLOGIZE 
0:00:03.743370,9,0.5061104893684387,0.3622705340385437,-1.2654114961624146,APOLOGIZE 
0:00:03.743370,10,0.44667911529541016,0.34852296113967896,-1.2761350870132446,APOLOGIZE 
0:00:03.743370,11,0.6333566904067993,0.5698421597480774,-0.41000691056251526,APOLOGIZE 
0:00:03.743370,12,0.29113107919692993,0.5548630356788635,-0.6498456597328186,APOLOGIZE 
0:00:03.743370,13,0.6518973708152771,0.9756774306297302,-0.22696220874786377,APOLOGIZE 
0:00:03.743370,14,0.10828803479671478,0.9472547769546509,-1.0108251571655273,APOLOGIZE 
0:00:03.743370,15,0.6616907715797424,1.2118216753005981,-0.5971490740776062,APOLOGIZE 
0:00:03.743370,16,0.39228808879852295,0.8621567487716675,-1.7005462646484375,APOLOGIZE 
0:00:03.743370,17,0.6763582825660706,1.2852673530578613,-0.6853071451187134,APOLOGIZE 
0:00:03.743370,18,0.4693262577056885,0.8387235999107361,-1.85885751247406,APOLOGIZE 
0:00:03.743370,19,0.6661382913589478,1.2573906183242798,-0.7347407341003418,APOLOGIZE 
0:00:03.743370,20,0.47012168169021606,0.7826525568962097,-1.8303406238555908,APOLOGIZE 
0:00:03.743370,21,0.6474520564079285,1.228136658668518,-0.632011890411377,APOLOGIZE 
0:00:03.743370,22,0.4527210593223572,0.7778860926628113,-1.6947673559188843,APOLOGIZE 
0:00:03.743370,23,0.5354978442192078,1.2561185359954834,-0.02998819574713707,APOLOGIZE 
0:00:03.743370,24,0.2714504301548004,1.2277930974960327,0.033341184258461,APOLOGIZE 
0:00:03.743370,25,0.5054114460945129,1.784427285194397,0.108751580119133,APOLOGIZE 
0:00:03.743370,26,0.2597126066684723,1.7544348239898682,0.17564496397972107,APOLOGIZE 
0:00:03.743370,27,0.4774569869041443,2.2444405555725098,0.8518754839897156,APOLOGIZE 
0:00:03.743370,28,0.2452855110168457,2.228642463684082,0.8252364993095398,APOLOGIZE 
0:00:03.743370,29,0.47511228919029236,2.3108954429626465,0.8879144787788391,APOLOGIZE 
0:00:03.743370,30,0.2328704595565796,2.30203914642334,0.8750278353691101,APOLOGIZE 
0:00:03.743370,31,0.43665844202041626,2.4116837978363037,0.2857866883277893,APOLOGIZE 
0:00:03.743370,32,0.27602824568748474,2.3822476863861084,0.20253686606884003,APOLOGIZE 
0:00:03.823827,0,0.484668105840683,0.29681265354156494,-1.4658091068267822,APOLOGIZE 
0:00:03.823827,1,0.5155239105224609,0.25199177861213684,-1.3928415775299072,APOLOGIZE 
0:00:03.823827,2,0.5304166078567505,0.2559722363948822,-1.3927876949310303,APOLOGIZE 
0:00:03.823827,3,0.5458913445472717,0.2605818212032318,-1.39247727394104,APOLOGIZE 
0:00:03.823827,4,0.4673670828342438,0.24338918924331665,-1.4026515483856201,APOLOGIZE 
0:00:03.823827,5,0.44853106141090393,0.2409837543964386,-1.4023644924163818,APOLOGIZE 
0:00:03.823827,6,0.43113842606544495,0.23834344744682312,-1.4030489921569824,APOLOGIZE 
0:00:03.823827,7,0.5684158802032471,0.29562050104141235,-0.8698563575744629,APOLOGIZE 
0:00:03.823827,8,0.40827250480651855,0.26225996017456055,-0.9065967798233032,APOLOGIZE 
0:00:03.823827,9,0.5067328214645386,0.36228522658348083,-1.2649452686309814,APOLOGIZE 
0:00:03.823827,10,0.4470815658569336,0.34857478737831116,-1.2769935131072998,APOLOGIZE 
0:00:03.823827,11,0.634011447429657,0.5715744495391846,-0.41393575072288513,APOLOGIZE 
0:00:03.823827,12,0.29047417640686035,0.5548955202102661,-0.6612049341201782,APOLOGIZE 
0:00:03.823827,13,0.6521567702293396,0.9773170351982117,-0.2253718078136444,APOLOGIZE 
0:00:03.823827,14,0.10726890712976456,0.9470142722129822,-1.0293233394622803,APOLOGIZE 
0:00:03.823827,15,0.6613351702690125,1.2277387380599976,-0.5406984090805054,APOLOGIZE 
0:00:03.823827,16,0.3923710882663727,0.8609946966171265,-1.7166497707366943,APOLOGIZE 
0:00:03.823827,17,0.6733391880989075,1.3094978332519531,-0.6217984557151794,APOLOGIZE 
0:00:03.823827,18,0.46837085485458374,0.8326296210289001,-1.8769800662994385,APOLOGIZE 
0:00:03.823827,19,0.6605538129806519,1.2860029935836792,-0.6807700991630554,APOLOGIZE 
0:00:03.823827,20,0.4691713750362396,0.7801402807235718,-1.8478870391845703,APOLOGIZE 
0:00:03.823827,21,0.6429120302200317,1.252992033958435,-0.5784949660301208,APOLOGIZE 
0:00:03.823827,22,0.45257478952407837,0.7733311057090759,-1.7108776569366455,APOLOGIZE 
0:00:03.823827,23,0.5348227024078369,1.2544608116149902,-0.029953494668006897,APOLOGIZE 
0:00:03.823827,24,0.2675989270210266,1.2256745100021362,0.033312175422906876,APOLOGIZE 
0:00:03.823827,25,0.5021160840988159,1.7820595502853394,0.1037042960524559,APOLOGIZE 
0:00:03.823827,26,0.25703924894332886,1.7522679567337036,0.15541589260101318,APOLOGIZE 
0:00:03.823827,27,0.4757130742073059,2.2440569400787354,0.8367830514907837,APOLOGIZE 
0:00:03.823827,28,0.24453938007354736,2.2266294956207275,0.8058807253837585,APOLOGIZE 
0:00:03.823827,29,0.47334998846054077,2.311098575592041,0.871841549873352,APOLOGIZE 
0:00:03.823827,30,0.2320021092891693,2.3006162643432617,0.8575253486633301,APOLOGIZE 
0:00:03.823827,31,0.43555155396461487,2.4115564823150635,0.28202614188194275,APOLOGIZE 
0:00:03.823827,32,0.27640363574028015,2.379884958267212,0.16264909505844116,APOLOGIZE 
0:00:03.876200,0,0.4861861765384674,0.29751840233802795,-1.4354110956192017,APOLOGIZE 
0:00:03.876200,1,0.5169263482093811,0.2528984844684601,-1.3595638275146484,APOLOGIZE 
0:00:03.876200,2,0.5314562916755676,0.25708138942718506,-1.3595054149627686,APOLOGIZE 
0:00:03.876200,3,0.546779215335846,0.26191192865371704,-1.359171986579895,APOLOGIZE 
0:00:03.876200,4,0.46907275915145874,0.24374157190322876,-1.3683854341506958,APOLOGIZE 
0:00:03.876200,5,0.4503669738769531,0.24119891226291656,-1.3681167364120483,APOLOGIZE 
0:00:03.876200,6,0.4328036308288574,0.23841245472431183,-1.3687962293624878,APOLOGIZE 
0:00:03.876200,7,0.5686507821083069,0.2969687581062317,-0.8343057632446289,APOLOGIZE 
0:00:03.876200,8,0.40854987502098083,0.2621862590312958,-0.8693691492080688,APOLOGIZE 
0:00:03.876200,9,0.5073384046554565,0.36287277936935425,-1.2339413166046143,APOLOGIZE 
0:00:03.876200,10,0.44790640473365784,0.34893301129341125,-1.244462013244629,APOLOGIZE 
0:00:03.876200,11,0.6341180205345154,0.5713167786598206,-0.39799362421035767,APOLOGIZE 
0:00:03.876200,12,0.2904602885246277,0.5546665787696838,-0.6356109380722046,APOLOGIZE 
0:00:03.876200,13,0.6549745798110962,0.9685292840003967,-0.22974887490272522,APOLOGIZE 
0:00:03.876200,14,0.10975166410207748,0.9360179901123047,-1.0571517944335938,APOLOGIZE 
0:00:03.876200,15,0.6543716192245483,1.1623103618621826,-0.6052924990653992,APOLOGIZE 
0:00:03.876200,16,0.3960159420967102,0.8297856450080872,-1.7708749771118164,APOLOGIZE 
0:00:03.876200,17,0.6572188138961792,1.232487440109253,-0.6908855438232422,APOLOGIZE 
0:00:03.876200,18,0.4702204167842865,0.7868463397026062,-1.9327278137207031,APOLOGIZE 
0:00:03.876200,19,0.6453737020492554,1.1969929933547974,-0.731002151966095,APOLOGIZE 
0:00:03.876200,20,0.47020992636680603,0.7182959318161011,-1.886040449142456,APOLOGIZE 
0:00:03.876200,21,0.6322561502456665,1.1731880903244019,-0.6367623805999756,APOLOGIZE 
0:00:03.876200,22,0.4537455439567566,0.7344020009040833,-1.7592556476593018,APOLOGIZE 
0:00:03.876200,23,0.5374683141708374,1.2498964071273804,-0.030373815447092056,APOLOGIZE 
0:00:03.876200,24,0.2671504020690918,1.219157099723816,0.03380277007818222,APOLOGIZE 
0:00:03.876200,25,0.5022991299629211,1.7805296182632446,0.09781605750322342,APOLOGIZE 
0:00:03.876200,26,0.25777724385261536,1.7520157098770142,0.17001810669898987,APOLOGIZE 
0:00:03.876200,27,0.4759564995765686,2.242790460586548,0.8049583435058594,APOLOGIZE 
0:00:03.876200,28,0.24533405900001526,2.2258193492889404,0.7983808517456055,APOLOGIZE 
0:00:03.876200,29,0.47347959876060486,2.3101322650909424,0.8358850479125977,APOLOGIZE 
0:00:03.876200,30,0.23290756344795227,2.296496629714966,0.8482035398483276,APOLOGIZE 
0:00:03.876200,31,0.4363497793674469,2.4090867042541504,0.21963918209075928,APOLOGIZE 
0:00:03.876200,32,0.2767336666584015,2.376978874206543,0.16355761885643005,APOLOGIZE 
0:00:03.943757,0,0.4869770407676697,0.29846686124801636,-1.4301717281341553,APOLOGIZE 
0:00:03.943757,1,0.517636775970459,0.25392085313796997,-1.3534349203109741,APOLOGIZE 
0:00:03.943757,2,0.531995415687561,0.25834164023399353,-1.3533575534820557,APOLOGIZE 
0:00:03.943757,3,0.5471397638320923,0.2634245753288269,-1.3530092239379883,APOLOGIZE 
0:00:03.943757,4,0.4697800576686859,0.2442745566368103,-1.3616909980773926,APOLOGIZE 
0:00:03.943757,5,0.45103368163108826,0.24161778390407562,-1.3614400625228882,APOLOGIZE 
0:00:03.943757,6,0.4333837926387787,0.23873068392276764,-1.3621160984039307,APOLOGIZE 
0:00:03.943757,7,0.5687222480773926,0.29853853583335876,-0.8234583735466003,APOLOGIZE 
0:00:03.943757,8,0.4086039066314697,0.2624130845069885,-0.8551205396652222,APOLOGIZE 
0:00:03.943757,9,0.5076676607131958,0.36381515860557556,-1.2274186611175537,APOLOGIZE 
0:00:03.943757,10,0.44819507002830505,0.34960973262786865,-1.2371392250061035,APOLOGIZE 
0:00:03.943757,11,0.634311318397522,0.5709661841392517,-0.38980162143707275,APOLOGIZE 
0:00:03.943757,12,0.29043710231781006,0.5544090867042542,-0.6260350942611694,APOLOGIZE 
0:00:03.943757,13,0.6569264531135559,0.9628829956054688,-0.24441304802894592,APOLOGIZE 
0:00:03.943757,14,0.11262782663106918,0.9316673278808594,-1.070939302444458,APOLOGIZE 
0:00:03.943757,15,0.6536744236946106,1.1440794467926025,-0.5900967121124268,APOLOGIZE 
0:00:03.943757,16,0.39846453070640564,0.8189895153045654,-1.7986692190170288,APOLOGIZE 
0:00:03.943757,17,0.655328094959259,1.2127089500427246,-0.6707108020782471,APOLOGIZE 
0:00:03.943757,18,0.47176656126976013,0.7737699747085571,-1.963507056236267,APOLOGIZE 
0:00:03.943757,19,0.6440531611442566,1.1757458448410034,-0.7108575105667114,APOLOGIZE 
0:00:03.943757,20,0.47160014510154724,0.7032390236854553,-1.9157823324203491,APOLOGIZE 
0:00:03.943757,21,0.6319252252578735,1.15254545211792,-0.6202138066291809,APOLOGIZE 
0:00:03.943757,22,0.4541319012641907,0.7226377725601196,-1.7871580123901367,APOLOGIZE 
0:00:03.943757,23,0.539387047290802,1.2474406957626343,-0.03036634996533394,APOLOGIZE 
0:00:03.943757,24,0.26698753237724304,1.2162877321243286,0.03380752354860306,APOLOGIZE 
0:00:03.943757,25,0.5024213194847107,1.7794562578201294,0.08594293147325516,APOLOGIZE 
0:00:03.943757,26,0.25831958651542664,1.751780390739441,0.16989991068840027,APOLOGIZE 
0:00:03.943757,27,0.4773246645927429,2.242302417755127,0.7724055051803589,APOLOGIZE 
0:00:03.943757,28,0.2461327761411667,2.224919557571411,0.7805331349372864,APOLOGIZE 
0:00:03.943757,29,0.47526612877845764,2.31003999710083,0.8019819259643555,APOLOGIZE 
0:00:03.943757,30,0.23346669971942902,2.2952706813812256,0.8259938359260559,APOLOGIZE 
0:00:03.943757,31,0.43761420249938965,2.4075100421905518,0.1850787103176117,APOLOGIZE 
0:00:03.943757,32,0.27932387590408325,2.3750228881835938,0.15002653002738953,APOLOGIZE 
0:00:04.002125,0,0.48697152733802795,0.2998346984386444,-1.2804534435272217,APOLOGIZE 
0:00:04.002125,1,0.5176447629928589,0.25517576932907104,-1.2072734832763672,APOLOGIZE 
0:00:04.002125,2,0.5320074558258057,0.25997278094291687,-1.207287073135376,APOLOGIZE 
0:00:04.002125,3,0.547064483165741,0.2653500735759735,-1.2070059776306152,APOLOGIZE 
0:00:04.002125,4,0.46977949142456055,0.2450493723154068,-1.212666630744934,APOLOGIZE 
0:00:04.002125,5,0.4510282874107361,0.24226056039333344,-1.2124452590942383,APOLOGIZE 
0:00:04.002125,6,0.4333763122558594,0.23927947878837585,-1.2131054401397705,APOLOGIZE 
0:00:04.002125,7,0.5685957670211792,0.3004983365535736,-0.7055293321609497,APOLOGIZE 
0:00:04.002125,8,0.4084912836551666,0.26294979453086853,-0.7226435542106628,APOLOGIZE 
0:00:04.002125,9,0.5075811147689819,0.3662340044975281,-1.0909147262573242,APOLOGIZE 
0:00:04.002125,10,0.44796815514564514,0.3505365252494812,-1.0971813201904297,APOLOGIZE 
0:00:04.002125,11,0.6341825127601624,0.5707383751869202,-0.3014788031578064,APOLOGIZE 
0:00:04.002125,12,0.2898702025413513,0.5541335344314575,-0.5354241728782654,APOLOGIZE 
0:00:04.002125,13,0.6563884019851685,0.9564053416252136,-0.154697984457016,APOLOGIZE 
0:00:04.002125,14,0.14134065806865692,0.929108738899231,-1.0487520694732666,APOLOGIZE 
0:00:04.002125,15,0.6690238118171692,1.1460503339767456,-0.41043129563331604,APOLOGIZE 
0:00:04.002125,16,0.4009261727333069,0.7719078660011292,-1.802212119102478,APOLOGIZE 
0:00:04.002125,17,0.6810057759284973,1.2231802940368652,-0.4725303649902344,APOLOGIZE 
0:00:04.002125,18,0.47286683320999146,0.6938296556472778,-1.9702304601669312,APOLOGIZE 
0:00:04.002125,19,0.6684443950653076,1.1905686855316162,-0.5295289754867554,APOLOGIZE 
0:00:04.002125,20,0.4733092188835144,0.652927815914154,-1.919318437576294,APOLOGIZE 
0:00:04.002125,21,0.6512929201126099,1.1643028259277344,-0.4465146064758301,APOLOGIZE 
0:00:04.002125,22,0.4563664495944977,0.6763707995414734,-1.7936630249023438,APOLOGIZE 
0:00:04.002125,23,0.5426608324050903,1.2452772855758667,-0.0298838522285223,APOLOGIZE 
0:00:04.002125,24,0.26878154277801514,1.216448187828064,0.03338194638490677,APOLOGIZE 
0:00:04.002125,25,0.5059873461723328,1.7790471315383911,-0.007503703236579895,APOLOGIZE 
0:00:04.002125,26,0.2615259885787964,1.7499855756759644,0.08927561342716217,APOLOGIZE 
0:00:04.002125,27,0.4869002401828766,2.24662709236145,0.5775743722915649,APOLOGIZE 
0:00:04.002125,28,0.2522183060646057,2.222705364227295,0.5756471157073975,APOLOGIZE 
0:00:04.002125,29,0.4859686493873596,2.315577983856201,0.5977680683135986,APOLOGIZE 
0:00:04.002125,30,0.23872268199920654,2.2931768894195557,0.6083109378814697,APOLOGIZE 
0:00:04.002125,31,0.45170870423316956,2.4081015586853027,-0.0011796695180237293,APOLOGIZE 
0:00:04.002125,32,0.28759700059890747,2.3736562728881836,-0.03762873634696007,APOLOGIZE 
0:00:04.075059,0,0.48695024847984314,0.30088040232658386,-1.2645115852355957,APOLOGIZE 
0:00:04.075059,1,0.517641007900238,0.2561282515525818,-1.191688060760498,APOLOGIZE 
0:00:04.075059,2,0.5320076942443848,0.2611411213874817,-1.1916989088058472,APOLOGIZE 
0:00:04.075059,3,0.546944260597229,0.2666640877723694,-1.1914204359054565,APOLOGIZE 
0:00:04.075059,4,0.4697633385658264,0.24572084844112396,-1.1972092390060425,APOLOGIZE 
0:00:04.075059,5,0.45100370049476624,0.24284575879573822,-1.1969997882843018,APOLOGIZE 
0:00:04.075059,6,0.43332594633102417,0.23982937633991241,-1.1976606845855713,APOLOGIZE 
0:00:04.075059,7,0.5684847831726074,0.3017646074295044,-0.6930199265480042,APOLOGIZE 
0:00:04.075059,8,0.40836554765701294,0.2636271119117737,-0.7104920148849487,APOLOGIZE 
0:00:04.075059,9,0.5074888467788696,0.36782702803611755,-1.0762053728103638,APOLOGIZE 
0:00:04.075059,10,0.44776877760887146,0.35135725140571594,-1.082760214805603,APOLOGIZE 
0:00:04.075059,11,0.6340537071228027,0.570567786693573,-0.28763145208358765,APOLOGIZE 
0:00:04.075059,12,0.2896265685558319,0.5539215207099915,-0.5250964164733887,APOLOGIZE 
0:00:04.075059,13,0.6557265520095825,0.9475568532943726,-0.1208321824669838,APOLOGIZE 
0:00:04.075059,14,0.15288397669792175,0.9269153475761414,-1.0447407960891724,APOLOGIZE 
0:00:04.075059,15,0.6761358976364136,1.1577469110488892,-0.34184229373931885,APOLOGIZE 
0:00:04.075059,16,0.4023527503013611,0.7584655284881592,-1.7946624755859375,APOLOGIZE 
0:00:04.075059,17,0.6921259164810181,1.2443044185638428,-0.3971804082393646,APOLOGIZE 
0:00:04.075059,18,0.47346821427345276,0.6786571145057678,-1.9628403186798096,APOLOGIZE 
0:00:04.075059,19,0.6782776117324829,1.2168320417404175,-0.4603816866874695,APOLOGIZE 
0:00:04.075059,20,0.4743865132331848,0.6412965655326843,-1.9112021923065186,APOLOGIZE 
0:00:04.075059,21,0.6594518423080444,1.1871569156646729,-0.379765123128891,APOLOGIZE 
0:00:04.075059,22,0.4579012989997864,0.6638753414154053,-1.7864389419555664,APOLOGIZE 
0:00:04.075059,23,0.5446261167526245,1.243408441543579,-0.029141956940293312,APOLOGIZE 
0:00:04.075059,24,0.27016496658325195,1.2167162895202637,0.03269238397479057,APOLOGIZE 
0:00:04.075059,25,0.5079841017723083,1.7790412902832031,-0.02906395122408867,APOLOGIZE 
0:00:04.075059,26,0.2636024057865143,1.7486205101013184,0.057870954275131226,APOLOGIZE 
0:00:04.075059,27,0.49143558740615845,2.250077486038208,0.5516413450241089,APOLOGIZE 
0:00:04.075059,28,0.2554127871990204,2.2215676307678223,0.5276119709014893,APOLOGIZE 
0:00:04.075059,29,0.49087706208229065,2.3198471069335938,0.5714422464370728,APOLOGIZE 
0:00:04.075059,30,0.2415769398212433,2.2919981479644775,0.5587705373764038,APOLOGIZE 
0:00:04.075059,31,0.45798444747924805,2.4091012477874756,-0.026687804609537125,APOLOGIZE 
0:00:04.075059,32,0.29167503118515015,2.372922658920288,-0.08640611916780472,APOLOGIZE 
0:00:04.155353,0,0.4869629442691803,0.3012745976448059,-1.2688860893249512,APOLOGIZE 
0:00:04.155353,1,0.5175621509552002,0.25609704852104187,-1.1976855993270874,APOLOGIZE 
0:00:04.155353,2,0.5319710969924927,0.26106345653533936,-1.1977859735488892,APOLOGIZE 
0:00:04.155353,3,0.5467378497123718,0.26659998297691345,-1.197599172592163,APOLOGIZE 
0:00:04.155353,4,0.46972599625587463,0.24599188566207886,-1.2049367427825928,APOLOGIZE 
0:00:04.155353,5,0.45093733072280884,0.24314643442630768,-1.2048238515853882,APOLOGIZE 
0:00:04.155353,6,0.43327513337135315,0.2401597648859024,-1.2055203914642334,APOLOGIZE 
0:00:04.155353,7,0.5684263110160828,0.3012621998786926,-0.6881153583526611,APOLOGIZE 
0:00:04.155353,8,0.40752944350242615,0.26380735635757446,-0.7152856588363647,APOLOGIZE 
0:00:04.155353,9,0.5074998736381531,0.3680494725704193,-1.0738414525985718,APOLOGIZE 
0:00:04.155353,10,0.4477919638156891,0.3515010476112366,-1.0829837322235107,APOLOGIZE 
0:00:04.155353,11,0.6332792043685913,0.5675694346427917,-0.27326709032058716,APOLOGIZE 
0:00:04.155353,12,0.28837260603904724,0.5527001023292542,-0.5026552081108093,APOLOGIZE 
0:00:04.155353,13,0.6540019512176514,0.9468757510185242,-0.21511618793010712,APOLOGIZE 
0:00:04.155353,14,0.1631930023431778,0.92025226354599,-1.0380935668945312,APOLOGIZE 
0:00:04.155353,15,0.6733876466751099,1.1064261198043823,-0.6198552250862122,APOLOGIZE 
0:00:04.155353,16,0.41010528802871704,0.7201573252677917,-1.813547134399414,APOLOGIZE 
0:00:04.155353,17,0.689244270324707,1.1656345129013062,-0.7046480774879456,APOLOGIZE 
0:00:04.155353,18,0.47349414229393005,0.6356221437454224,-1.977628469467163,APOLOGIZE 
0:00:04.155353,19,0.6730847954750061,1.1246711015701294,-0.7410359978675842,APOLOGIZE 
0:00:04.155353,20,0.4685313105583191,0.5892512202262878,-1.931751012802124,APOLOGIZE 
0:00:04.155353,21,0.6552552580833435,1.104716420173645,-0.649539053440094,APOLOGIZE 
0:00:04.155353,22,0.4560498595237732,0.6131371855735779,-1.8078495264053345,APOLOGIZE 
0:00:04.155353,23,0.5466912984848022,1.2454372644424438,-0.02797800861299038,APOLOGIZE 
0:00:04.155353,24,0.2740665078163147,1.2183763980865479,0.031500574201345444,APOLOGIZE 
0:00:04.155353,25,0.508060097694397,1.778616189956665,-0.006037419196218252,APOLOGIZE 
0:00:04.155353,26,0.2624298930168152,1.748395323753357,0.0800546333193779,APOLOGIZE 
0:00:04.155353,27,0.48928484320640564,2.24906063079834,0.5664368271827698,APOLOGIZE 
0:00:04.155353,28,0.2501263916492462,2.2197961807250977,0.5800095200538635,APOLOGIZE 
0:00:04.155353,29,0.4883621633052826,2.3189547061920166,0.587472140789032,APOLOGIZE 
0:00:04.155353,30,0.2366163283586502,2.289186954498291,0.6143004298210144,APOLOGIZE 
0:00:04.155353,31,0.455570787191391,2.4087417125701904,0.010472523048520088,APOLOGIZE 
0:00:04.155353,32,0.2845074534416199,2.369224786758423,-0.011619722470641136,APOLOGIZE 
0:00:04.229162,0,0.48699331283569336,0.30149853229522705,-1.253599762916565,APOLOGIZE 
0:00:04.229162,1,0.517529308795929,0.25605443120002747,-1.1831899881362915,APOLOGIZE 
0:00:04.229162,2,0.5319575667381287,0.261026531457901,-1.1833266019821167,APOLOGIZE 
0:00:04.229162,3,0.5466151237487793,0.2664153277873993,-1.1831728219985962,APOLOGIZE 
0:00:04.229162,4,0.46971040964126587,0.24614804983139038,-1.1908684968948364,APOLOGIZE 
0:00:04.229162,5,0.45089855790138245,0.24332861602306366,-1.190791368484497,APOLOGIZE 
0:00:04.229162,6,0.4332388937473297,0.2403709590435028,-1.1915005445480347,APOLOGIZE 
0:00:04.229162,7,0.5684072375297546,0.30058279633522034,-0.6730010509490967,APOLOGIZE 
0:00:04.229162,8,0.4069547653198242,0.2639111578464508,-0.7025335431098938,APOLOGIZE 
0:00:04.229162,9,0.507531464099884,0.36814218759536743,-1.057692289352417,APOLOGIZE 
0:00:04.229162,10,0.4478348195552826,0.3515828847885132,-1.0674266815185547,APOLOGIZE 
0:00:04.229162,11,0.6326913237571716,0.5654007196426392,-0.2564335763454437,APOLOGIZE 
0:00:04.229162,12,0.28768190741539,0.551490843296051,-0.4869883060455322,APOLOGIZE 
0:00:04.229162,13,0.6532324552536011,0.9467318058013916,-0.2470078468322754,APOLOGIZE 
0:00:04.229162,14,0.16772709786891937,0.916864275932312,-1.0325459241867065,APOLOGIZE 
0:00:04.229162,15,0.6716466546058655,1.082555890083313,-0.6828173398971558,APOLOGIZE 
0:00:04.229162,16,0.414663165807724,0.7102317810058594,-1.8101141452789307,APOLOGIZE 
0:00:04.229162,17,0.6883339881896973,1.1338049173355103,-0.770553469657898,APOLOGIZE 
0:00:04.229162,18,0.47344040870666504,0.6273180842399597,-1.9718230962753296,APOLOGIZE 
0:00:04.229162,19,0.6701245903968811,1.0907152891159058,-0.8034427762031555,APOLOGIZE 
0:00:04.229162,20,0.4658021926879883,0.5785951018333435,-1.9268049001693726,APOLOGIZE 
0:00:04.229162,21,0.6528133153915405,1.0734899044036865,-0.7114236354827881,APOLOGIZE 
0:00:04.229162,22,0.4551602900028229,0.6023581027984619,-1.8041242361068726,APOLOGIZE 
0:00:04.229162,23,0.5479273796081543,1.2464569807052612,-0.02692505158483982,APOLOGIZE 
0:00:04.229162,24,0.2764865756034851,1.2191725969314575,0.03041570447385311,APOLOGIZE 
0:00:04.229162,25,0.5081354975700378,1.778403878211975,-0.0019426759099587798,APOLOGIZE 
0:00:04.229162,26,0.26196178793907166,1.7479897737503052,0.0892648696899414,APOLOGIZE 
0:00:04.229162,27,0.48820915818214417,2.2487494945526123,0.5580929517745972,APOLOGIZE 
0:00:04.229162,28,0.24800196290016174,2.2176594734191895,0.5888469815254211,APOLOGIZE 
0:00:04.229162,29,0.4869852066040039,2.3184635639190674,0.578799843788147,APOLOGIZE 
0:00:04.229162,30,0.23459753394126892,2.2862112522125244,0.6230236887931824,APOLOGIZE 
0:00:04.229162,31,0.45472145080566406,2.407970905303955,0.01043701358139515,APOLOGIZE 
0:00:04.229162,32,0.2817349433898926,2.3659090995788574,0.007813015952706337,APOLOGIZE 
0:00:04.301038,0,0.48689571022987366,0.3019813597202301,-1.1434664726257324,APOLOGIZE 
0:00:04.301038,1,0.5172014236450195,0.2563197910785675,-1.0735383033752441,APOLOGIZE 
0:00:04.301038,2,0.5317062735557556,0.2610984742641449,-1.0737801790237427,APOLOGIZE 
0:00:04.301038,3,0.5459185838699341,0.2663518488407135,-1.0736167430877686,APOLOGIZE 
0:00:04.301038,4,0.46927395462989807,0.24677854776382446,-1.0724327564239502,APOLOGIZE 
0:00:04.301038,5,0.45035821199417114,0.24397054314613342,-1.072204351425171,APOLOGIZE 
0:00:04.301038,6,0.43287014961242676,0.24109606444835663,-1.072818636894226,APOLOGIZE 
0:00:04.301038,7,0.5676485300064087,0.3005301058292389,-0.5792313814163208,APOLOGIZE 
0:00:04.301038,8,0.4059695601463318,0.26476141810417175,-0.5665468573570251,APOLOGIZE 
0:00:04.301038,9,0.5072976350784302,0.36836355924606323,-0.9555448293685913,APOLOGIZE 
0:00:04.301038,10,0.447443425655365,0.3518278896808624,-0.9533028602600098,APOLOGIZE 
0:00:04.301038,11,0.6318630576133728,0.564295768737793,-0.25303927063941956,APOLOGIZE 
0:00:04.301038,12,0.28684186935424805,0.5493857264518738,-0.2917945683002472,APOLOGIZE 
0:00:04.301038,13,0.6522860527038574,0.9428885579109192,-0.722777247428894,APOLOGIZE 
0:00:04.301038,14,0.17110224068164825,0.9127503633499146,-0.7781264185905457,APOLOGIZE 
0:00:04.301038,15,0.6114238500595093,0.7741370797157288,-1.5516808032989502,APOLOGIZE 
0:00:04.301038,16,0.4113646149635315,0.7211779356002808,-1.6424795389175415,APOLOGIZE 
0:00:04.301038,17,0.5599359273910522,0.6411591172218323,-1.707440733909607,APOLOGIZE 
0:00:04.301038,18,0.45401185750961304,0.647668719291687,-1.8025217056274414,APOLOGIZE 
0:00:04.301038,19,0.562313437461853,0.5802938938140869,-1.6705776453018188,APOLOGIZE 
0:00:04.301038,20,0.39362892508506775,0.7246350646018982,-1.7871294021606445,APOLOGIZE 
0:00:04.301038,21,0.5582550764083862,0.5962188243865967,-1.5603069067001343,APOLOGIZE 
0:00:04.301038,22,0.44363412261009216,0.6229522228240967,-1.6552549600601196,APOLOGIZE 
0:00:04.301038,23,0.5480375289916992,1.24593985080719,-0.04037719592452049,APOLOGIZE 
0:00:04.301038,24,0.27666881680488586,1.2208877801895142,0.04408406466245651,APOLOGIZE 
0:00:04.301038,25,0.5068339109420776,1.7782057523727417,0.007769082672894001,APOLOGIZE 
0:00:04.301038,26,0.2589357793331146,1.745360255241394,0.13357055187225342,APOLOGIZE 
0:00:04.301038,27,0.4866291880607605,2.244847297668457,0.5512279272079468,APOLOGIZE 
0:00:04.301038,28,0.24409842491149902,2.2031469345092773,0.610986590385437,APOLOGIZE 
0:00:04.301038,29,0.4863831400871277,2.3133206367492676,0.5704140663146973,APOLOGIZE 
0:00:04.301038,30,0.23070785403251648,2.2703940868377686,0.6435293555259705,APOLOGIZE 
0:00:04.301038,31,0.4478887915611267,2.401061773300171,0.006172205321490765,APOLOGIZE 
0:00:04.301038,32,0.2768910825252533,2.356630802154541,0.016253510490059853,APOLOGIZE 
0:00:04.368537,0,0.4868374466896057,0.3023466467857361,-1.1261290311813354,APOLOGIZE 
0:00:04.368537,1,0.5169554948806763,0.2565290331840515,-1.0563703775405884,APOLOGIZE 
0:00:04.368537,2,0.5315117835998535,0.2611626088619232,-1.0566147565841675,APOLOGIZE 
0:00:04.368537,3,0.5454041957855225,0.26630979776382446,-1.0564450025558472,APOLOGIZE 
0:00:04.368537,4,0.46899452805519104,0.24724526703357697,-1.0549956560134888,APOLOGIZE 
0:00:04.368537,5,0.4500201344490051,0.244442880153656,-1.054755687713623,APOLOGIZE 
0:00:04.368537,6,0.4326407313346863,0.24162612855434418,-1.0553638935089111,APOLOGIZE 
0:00:04.368537,7,0.5670522451400757,0.30048927664756775,-0.5642963647842407,APOLOGIZE 
0:00:04.368537,8,0.40530186891555786,0.265375018119812,-0.5502785444259644,APOLOGIZE 
0:00:04.368537,9,0.5071389675140381,0.36852797865867615,-0.9391943216323853,APOLOGIZE 
0:00:04.368537,10,0.4472073018550873,0.35200339555740356,-0.9365462064743042,APOLOGIZE 
0:00:04.368537,11,0.6312742829322815,0.5634056925773621,-0.25071221590042114,APOLOGIZE 
0:00:04.368537,12,0.28626200556755066,0.5479081869125366,-0.2744169533252716,APOLOGIZE 
0:00:04.368537,13,0.6515071988105774,0.9405849575996399,-0.7470818758010864,APOLOGIZE 
0:00:04.368537,14,0.17265361547470093,0.9104078412055969,-0.7540585994720459,APOLOGIZE 
0:00:04.368537,15,0.5955647826194763,0.7478243708610535,-1.5796889066696167,APOLOGIZE 
0:00:04.368537,16,0.40958744287490845,0.7254852056503296,-1.6068716049194336,APOLOGIZE 
0:00:04.368537,17,0.5415431261062622,0.6172865629196167,-1.7359720468521118,APOLOGIZE 
0:00:04.368537,18,0.44741329550743103,0.6606705188751221,-1.765587568283081,APOLOGIZE 
0:00:04.368537,19,0.5450724959373474,0.5568037629127502,-1.6980422735214233,APOLOGIZE 
0:00:04.368537,20,0.3832286596298218,0.749820351600647,-1.749442458152771,APOLOGIZE 
0:00:04.368537,21,0.5416005849838257,0.5727954506874084,-1.5880153179168701,APOLOGIZE 
0:00:04.368537,22,0.4391633868217468,0.6344413757324219,-1.6187270879745483,APOLOGIZE 
0:00:04.368537,23,0.5481287240982056,1.245514988899231,-0.04605915769934654,APOLOGIZE 
0:00:04.368537,24,0.27684473991394043,1.2217001914978027,0.049827076494693756,APOLOGIZE 
0:00:04.368537,25,0.5059061646461487,1.7780247926712036,0.013156858272850513,APOLOGIZE 
0:00:04.368537,26,0.25703221559524536,1.7430285215377808,0.14924421906471252,APOLOGIZE 
0:00:04.368537,27,0.4854108691215515,2.241912841796875,0.5519388914108276,APOLOGIZE 
0:00:04.368537,28,0.24190255999565125,2.1952948570251465,0.6183512210845947,APOLOGIZE 
0:00:04.368537,29,0.48582449555397034,2.3095786571502686,0.5711101293563843,APOLOGIZE 
0:00:04.368537,30,0.2285316288471222,2.262089252471924,0.6495612859725952,APOLOGIZE 
0:00:04.368537,31,0.44402629137039185,2.396439552307129,0.007947579957544804,APOLOGIZE 
0:00:04.368537,32,0.27419915795326233,2.351135492324829,0.024115724489092827,APOLOGIZE 
0:00:04.431442,0,0.48678678274154663,0.3026575446128845,-0.8514982461929321,APOLOGIZE 
0:00:04.431442,1,0.5167298913002014,0.25705385208129883,-0.789162278175354,APOLOGIZE 
0:00:04.431442,2,0.5312743782997131,0.26159730553627014,-0.7895607352256775,APOLOGIZE 
0:00:04.431442,3,0.5447167158126831,0.2666488587856293,-0.7892483472824097,APOLOGIZE 
0:00:04.431442,4,0.46886706352233887,0.24765686690807343,-0.7893848419189453,APOLOGIZE 
0:00:04.431442,5,0.4498836100101471,0.2447212040424347,-0.7891501188278198,APOLOGIZE 
0:00:04.431442,6,0.43247026205062866,0.24186107516288757,-0.7898204326629639,APOLOGIZE 
0:00:04.431442,7,0.5655730366706848,0.3004714548587799,-0.351666659116745,APOLOGIZE 
0:00:04.431442,8,0.40456128120422363,0.26572704315185547,-0.3422268033027649,APOLOGIZE 
0:00:04.431442,9,0.5068016052246094,0.3685489892959595,-0.6873261332511902,APOLOGIZE 
0:00:04.431442,10,0.44685038924217224,0.35210350155830383,-0.6871306300163269,APOLOGIZE 
0:00:04.431442,11,0.6305255889892578,0.5609433054924011,-0.14802202582359314,APOLOGIZE 
0:00:04.431442,12,0.2860125005245209,0.543773889541626,-0.15509995818138123,APOLOGIZE 
0:00:04.431442,13,0.6506850719451904,0.9362946152687073,-0.7302222847938538,APOLOGIZE 
0:00:04.431442,14,0.1940571367740631,0.9101131558418274,-0.7098914980888367,APOLOGIZE 
0:00:04.431442,15,0.5905374884605408,0.6805540919303894,-1.4995254278182983,APOLOGIZE 
0:00:04.431442,16,0.409665048122406,0.6324324011802673,-1.3711013793945312,APOLOGIZE 
0:00:04.431442,17,0.5439040064811707,0.5395758748054504,-1.6407476663589478,APOLOGIZE 
0:00:04.431442,18,0.4461142122745514,0.5368177890777588,-1.499878168106079,APOLOGIZE 
0:00:04.431442,19,0.5484203100204468,0.4954349100589752,-1.5785226821899414,APOLOGIZE 
0:00:04.431442,20,0.3969905972480774,0.5206578373908997,-1.4263465404510498,APOLOGIZE 
0:00:04.431442,21,0.5431756973266602,0.519166111946106,-1.4984675645828247,APOLOGIZE 
0:00:04.431442,22,0.4362848699092865,0.544285774230957,-1.3586009740829468,APOLOGIZE 
0:00:04.431442,23,0.5517858266830444,1.2391985654830933,-0.04996933788061142,APOLOGIZE 
0:00:04.431442,24,0.288209468126297,1.2188860177993774,0.05377546697854996,APOLOGIZE 
0:00:04.431442,25,0.5113459825515747,1.77496337890625,-0.0007590326713398099,APOLOGIZE 
0:00:04.431442,26,0.2593858242034912,1.7383592128753662,0.17540422081947327,APOLOGIZE 
0:00:04.431442,27,0.49096956849098206,2.228893756866455,0.5143707990646362,APOLOGIZE 
0:00:04.431442,28,0.24716195464134216,2.185202121734619,0.6325348019599915,APOLOGIZE 
0:00:04.431442,29,0.4917908310890198,2.2944576740264893,0.534879207611084,APOLOGIZE 
0:00:04.431442,30,0.2340599000453949,2.2511701583862305,0.6627710461616516,APOLOGIZE 
0:00:04.431442,31,0.4532431662082672,2.384874105453491,-0.0061644092202186584,APOLOGIZE 
0:00:04.431442,32,0.2781065106391907,2.340023994445801,0.10727665573358536,APOLOGIZE 
0:00:04.480266,0,0.4867773652076721,0.3029850721359253,-0.82463538646698,APOLOGIZE 
0:00:04.480266,1,0.5166057348251343,0.25758275389671326,-0.7620528936386108,APOLOGIZE 
0:00:04.480266,2,0.5311315059661865,0.2620837390422821,-0.7624746561050415,APOLOGIZE 
0:00:04.480266,3,0.5442566275596619,0.26708999276161194,-0.7621802091598511,APOLOGIZE 
0:00:04.480266,4,0.4688144326210022,0.24800583720207214,-0.762173056602478,APOLOGIZE 
0:00:04.480266,5,0.44981294870376587,0.24495084583759308,-0.7619327306747437,APOLOGIZE 
0:00:04.480266,6,0.43234699964523315,0.24203965067863464,-0.762599766254425,APOLOGIZE 
0:00:04.480266,7,0.5644615292549133,0.30053624510765076,-0.32749268412590027,APOLOGIZE 
0:00:04.480266,8,0.40388473868370056,0.26598840951919556,-0.3173515200614929,APOLOGIZE 
0:00:04.480266,9,0.5065390467643738,0.36861568689346313,-0.6617602109909058,APOLOGIZE 
0:00:04.480266,10,0.4466138780117035,0.35221731662750244,-0.661363959312439,APOLOGIZE 
0:00:04.480266,11,0.6294062733650208,0.5589250922203064,-0.13563641905784607,APOLOGIZE 
0:00:04.480266,12,0.28569263219833374,0.5414912700653076,-0.13230136036872864,APOLOGIZE 
0:00:04.480266,13,0.6497179269790649,0.9322386384010315,-0.7392040491104126,APOLOGIZE 
0:00:04.480266,14,0.2006661593914032,0.9097715616226196,-0.6772540807723999,APOLOGIZE 
0:00:04.480266,15,0.565536379814148,0.5918362140655518,-1.4963340759277344,APOLOGIZE 
0:00:04.480266,16,0.4096260070800781,0.6243417859077454,-1.3127347230911255,APOLOGIZE 
0:00:04.480266,17,0.5462762117385864,0.512009859085083,-1.6372153759002686,APOLOGIZE 
0:00:04.480266,18,0.44487524032592773,0.5193371772766113,-1.4375872611999512,APOLOGIZE 
0:00:04.480266,19,0.5510493516921997,0.47562363743782043,-1.5724656581878662,APOLOGIZE 
0:00:04.480266,20,0.4008750021457672,0.48417332768440247,-1.3642572164535522,APOLOGIZE 
0:00:04.480266,21,0.5443350076675415,0.5106571912765503,-1.4939703941345215,APOLOGIZE 
0:00:04.480266,22,0.4340127408504486,0.5284203886985779,-1.2997573614120483,APOLOGIZE 
0:00:04.480266,23,0.5538903474807739,1.2357001304626465,-0.05220802500844002,APOLOGIZE 
0:00:04.480266,24,0.29298079013824463,1.217229962348938,0.056038253009319305,APOLOGIZE 
0:00:04.480266,25,0.5149934887886047,1.7735724449157715,-0.0008213382097892463,APOLOGIZE 
0:00:04.480266,26,0.2607530951499939,1.7363792657852173,0.19176620244979858,APOLOGIZE 
0:00:04.480266,27,0.4947822690010071,2.223135471343994,0.5197382569313049,APOLOGIZE 
0:00:04.480266,28,0.2507552206516266,2.1817681789398193,0.665461540222168,APOLOGIZE 
0:00:04.480266,29,0.49576130509376526,2.2880799770355225,0.5411820411682129,APOLOGIZE 
0:00:04.480266,30,0.23806706070899963,2.2478439807891846,0.6986531019210815,APOLOGIZE 
0:00:04.480266,31,0.4591159224510193,2.380213975906372,0.002413613721728325,APOLOGIZE 
0:00:04.480266,32,0.28096646070480347,2.3362104892730713,0.1512780785560608,APOLOGIZE 
0:00:04.547075,0,0.48687857389450073,0.303173691034317,-0.8756915330886841,APOLOGIZE 
0:00:04.547075,1,0.5166751146316528,0.25787895917892456,-0.8150418400764465,APOLOGIZE 
0:00:04.547075,2,0.5311686396598816,0.2623728811740875,-0.8154429197311401,APOLOGIZE 
0:00:04.547075,3,0.5442483425140381,0.2673339545726776,-0.8151714205741882,APOLOGIZE 
0:00:04.547075,4,0.4688712954521179,0.2481560856103897,-0.8234752416610718,APOLOGIZE 
0:00:04.547075,5,0.44981685280799866,0.24501189589500427,-0.8232433199882507,APOLOGIZE 
0:00:04.547075,6,0.43233051896095276,0.24204979836940765,-0.8239294290542603,APOLOGIZE 
0:00:04.547075,7,0.5642604231834412,0.3005245625972748,-0.3695020377635956,APOLOGIZE 
0:00:04.547075,8,0.403211772441864,0.26592719554901123,-0.3949563503265381,APOLOGIZE 
0:00:04.547075,9,0.5065268278121948,0.3686635196208954,-0.7056592702865601,APOLOGIZE 
0:00:04.547075,10,0.4465245306491852,0.35223788022994995,-0.715472400188446,APOLOGIZE 
0:00:04.547075,11,0.6277504563331604,0.5576083064079285,-0.11880739033222198,APOLOGIZE 
0:00:04.547075,12,0.28544560074806213,0.5382881760597229,-0.21787326037883759,APOLOGIZE 
0:00:04.547075,13,0.6494445204734802,0.9322863221168518,-0.6790053248405457,APOLOGIZE 
0:00:04.547075,14,0.22003459930419922,0.9142078161239624,-0.7359666228294373,APOLOGIZE 
0:00:04.547075,15,0.5805178880691528,0.6915872693061829,-1.503529667854309,APOLOGIZE 
0:00:04.547075,16,0.43297243118286133,0.6496245861053467,-1.3470227718353271,APOLOGIZE 
0:00:04.547075,17,0.5426506996154785,0.5599511861801147,-1.6500377655029297,APOLOGIZE 
0:00:04.547075,18,0.4707595705986023,0.5552985668182373,-1.468838095664978,APOLOGIZE 
0:00:04.547075,19,0.5472871661186218,0.5097270607948303,-1.5909478664398193,APOLOGIZE 
0:00:04.547075,20,0.4485461115837097,0.5177015662193298,-1.4058877229690552,APOLOGIZE 
0:00:04.547075,21,0.5421902537345886,0.5311816334724426,-1.5046700239181519,APOLOGIZE 
0:00:04.547075,22,0.4549481272697449,0.5477432012557983,-1.3313908576965332,APOLOGIZE 
0:00:04.547075,23,0.5572418570518494,1.232453465461731,-0.04911684989929199,APOLOGIZE 
0:00:04.547075,24,0.2999728322029114,1.217139482498169,0.052703626453876495,APOLOGIZE 
0:00:04.547075,25,0.5205175280570984,1.7677429914474487,0.01747848652303219,APOLOGIZE 
0:00:04.547075,26,0.27047067880630493,1.7339414358139038,0.19496937096118927,APOLOGIZE 
0:00:04.547075,27,0.502871572971344,2.213423252105713,0.5459964275360107,APOLOGIZE 
0:00:04.547075,28,0.2630530893802643,2.180281400680542,0.6873612999916077,APOLOGIZE 
0:00:04.547075,29,0.5036714673042297,2.2756881713867188,0.5683445334434509,APOLOGIZE 
0:00:04.547075,30,0.2502429783344269,2.245457172393799,0.723467230796814,APOLOGIZE 
0:00:04.547075,31,0.4698798656463623,2.37308406829834,0.028902027755975723,APOLOGIZE 
0:00:04.547075,32,0.29439038038253784,2.334414005279541,0.16978809237480164,APOLOGIZE 
0:00:04.609564,0,0.4870738387107849,0.3032580018043518,-0.8964554071426392,APOLOGIZE 
0:00:04.609564,1,0.516858696937561,0.2579558491706848,-0.8345147371292114,APOLOGIZE 
0:00:04.609564,2,0.531278669834137,0.2624376118183136,-0.8349270820617676,APOLOGIZE 
0:00:04.609564,3,0.5443071722984314,0.2673720419406891,-0.8346738815307617,APOLOGIZE 
0:00:04.609564,4,0.4689902663230896,0.24818752706050873,-0.8446308970451355,APOLOGIZE 
0:00:04.609564,5,0.4498521387577057,0.24501532316207886,-0.8443924784660339,APOLOGIZE 
0:00:04.609564,6,0.4323136806488037,0.24203990399837494,-0.8450838327407837,APOLOGIZE 
0:00:04.609564,7,0.5641905665397644,0.3004922568798065,-0.38018134236335754,APOLOGIZE 
0:00:04.609564,8,0.4027223587036133,0.26582103967666626,-0.41251516342163086,APOLOGIZE 
0:00:04.609564,9,0.5065379738807678,0.3686753511428833,-0.7229457497596741,APOLOGIZE 
0:00:04.609564,10,0.4465016722679138,0.3522548973560333,-0.7344412803649902,APOLOGIZE 
0:00:04.609564,11,0.6267739534378052,0.55650395154953,-0.11476274579763412,APOLOGIZE 
0:00:04.609564,12,0.2853257656097412,0.5362551808357239,-0.24032218754291534,APOLOGIZE 
0:00:04.609564,13,0.64881432056427,0.9324180483818054,-0.657463788986206,APOLOGIZE 
0:00:04.609564,14,0.22584453225135803,0.9175456762313843,-0.7635011672973633,APOLOGIZE 
0:00:04.609564,15,0.5879825949668884,0.7216164469718933,-1.4937220811843872,APOLOGIZE 
0:00:04.609564,16,0.4416234493255615,0.6588180065155029,-1.3892625570297241,APOLOGIZE 
0:00:04.609564,17,0.5404781103134155,0.5654032230377197,-1.6394073963165283,APOLOGIZE 
0:00:04.609564,18,0.4814694821834564,0.5654861927032471,-1.514009714126587,APOLOGIZE 
0:00:04.609564,19,0.545523464679718,0.5126203298568726,-1.5853708982467651,APOLOGIZE 
0:00:04.609564,20,0.47151511907577515,0.5267577767372131,-1.4510266780853271,APOLOGIZE 
0:00:04.609564,21,0.537982702255249,0.5516241192817688,-1.4970219135284424,APOLOGIZE 
0:00:04.609564,22,0.46418848633766174,0.5531654357910156,-1.3731005191802979,APOLOGIZE 
0:00:04.609564,23,0.5588045716285706,1.2283064126968384,-0.04894611984491348,APOLOGIZE 
0:00:04.609564,24,0.3024802505970001,1.2171266078948975,0.05258579179644585,APOLOGIZE 
0:00:04.609564,25,0.5226070284843445,1.7630254030227661,0.02386878803372383,APOLOGIZE 
0:00:04.609564,26,0.2751956880092621,1.7316820621490479,0.22038443386554718,APOLOGIZE 
0:00:04.609564,27,0.5048964619636536,2.2076447010040283,0.5573657155036926,APOLOGIZE 
0:00:04.609564,28,0.2671699821949005,2.1787660121917725,0.7450288534164429,APOLOGIZE 
0:00:04.609564,29,0.5052057504653931,2.269115447998047,0.5800957083702087,APOLOGIZE 
0:00:04.609564,30,0.25420957803726196,2.2432966232299805,0.7851596474647522,APOLOGIZE 
0:00:04.609564,31,0.47255292534828186,2.3687820434570312,0.03689420968294144,APOLOGIZE 
0:00:04.609564,32,0.29870739579200745,2.333278179168701,0.22272834181785583,APOLOGIZE 
0:00:04.678767,0,0.4870750904083252,0.30339062213897705,-0.9229429960250854,APOLOGIZE 
0:00:04.678767,1,0.5168064832687378,0.25796306133270264,-0.8498985171318054,APOLOGIZE 
0:00:04.678767,2,0.531245231628418,0.2624354660511017,-0.8496729135513306,APOLOGIZE 
0:00:04.678767,3,0.5442613363265991,0.2673608362674713,-0.8496330976486206,APOLOGIZE 
0:00:04.678767,4,0.46887531876564026,0.24822138249874115,-0.8547690510749817,APOLOGIZE 
0:00:04.678767,5,0.44962626695632935,0.24505309760570526,-0.8545511364936829,APOLOGIZE 
0:00:04.678767,6,0.43204325437545776,0.2420956939458847,-0.8552595973014832,APOLOGIZE 
0:00:04.678767,7,0.5640808343887329,0.3004455864429474,-0.41838210821151733,APOLOGIZE 
0:00:04.678767,8,0.4022514820098877,0.26601937413215637,-0.44838961958885193,APOLOGIZE 
0:00:04.678767,9,0.5065357089042664,0.3687587380409241,-0.7611733675003052,APOLOGIZE 
0:00:04.678767,10,0.4464868903160095,0.35248616337776184,-0.7724851369857788,APOLOGIZE 
0:00:04.678767,11,0.6267737150192261,0.5553855895996094,-0.14282386004924774,APOLOGIZE 
0:00:04.678767,12,0.28545504808425903,0.5353797674179077,-0.2596328854560852,APOLOGIZE 
0:00:04.678767,13,0.6488000154495239,0.933806836605072,-0.6664072275161743,APOLOGIZE 
0:00:04.678767,14,0.23414413630962372,0.9210073947906494,-0.8048410415649414,APOLOGIZE 
0:00:04.678767,15,0.592085599899292,0.7461212873458862,-1.4872820377349854,APOLOGIZE 
0:00:04.678767,16,0.4561437666416168,0.6666081547737122,-1.446120262145996,APOLOGIZE 
0:00:04.678767,17,0.5490842461585999,0.6068968176841736,-1.627634048461914,APOLOGIZE 
0:00:04.678767,18,0.4970688819885254,0.5811236500740051,-1.5299453735351562,APOLOGIZE 
0:00:04.678767,19,0.5505906343460083,0.5483630895614624,-1.5799758434295654,APOLOGIZE 
0:00:04.678767,20,0.4887217581272125,0.5408802628517151,-1.4902055263519287,APOLOGIZE 
0:00:04.678767,21,0.5439038872718811,0.569487988948822,-1.491726040840149,APOLOGIZE 
0:00:04.678767,22,0.4804825782775879,0.5652092695236206,-1.4103513956069946,APOLOGIZE 
0:00:04.678767,23,0.5608911514282227,1.2282302379608154,-0.048825666308403015,APOLOGIZE 
0:00:04.678767,24,0.3090297281742096,1.2199221849441528,0.052442532032728195,APOLOGIZE 
0:00:04.678767,25,0.529605507850647,1.7609196901321411,0.019185280427336693,APOLOGIZE 
0:00:04.678767,26,0.2858041822910309,1.7331349849700928,0.3111385107040405,APOLOGIZE 
0:00:04.678767,27,0.5117564797401428,2.205893039703369,0.5581601858139038,APOLOGIZE 
0:00:04.678767,28,0.2788059711456299,2.1793372631073,0.9403688311576843,APOLOGIZE 
0:00:04.678767,29,0.5120869278907776,2.267483949661255,0.58120197057724,APOLOGIZE 
0:00:04.678767,30,0.2665102779865265,2.244252920150757,0.9917052984237671,APOLOGIZE 
0:00:04.678767,31,0.4800960123538971,2.3667731285095215,0.03386954590678215,APOLOGIZE 
0:00:04.678767,32,0.31148195266723633,2.3337361812591553,0.418628066778183,APOLOGIZE 
0:00:04.753935,0,0.48712387681007385,0.3035842180252075,-1.0000052452087402,APOLOGIZE 
0:00:04.753935,1,0.5168022513389587,0.2579869329929352,-0.9307898283004761,APOLOGIZE 
0:00:04.753935,2,0.531242847442627,0.2624501585960388,-0.9310200810432434,APOLOGIZE 
0:00:04.753935,3,0.5442532896995544,0.26736393570899963,-0.9307165145874023,APOLOGIZE 
0:00:04.753935,4,0.4688464105129242,0.24826101958751678,-0.9400498270988464,APOLOGIZE 
0:00:04.753935,5,0.4495111405849457,0.24509543180465698,-0.9398705363273621,APOLOGIZE 
0:00:04.753935,6,0.4318501055240631,0.24215483665466309,-0.9405423998832703,APOLOGIZE 
0:00:04.753935,7,0.5639864206314087,0.3004225492477417,-0.43968725204467773,APOLOGIZE 
0:00:04.753935,8,0.4016970694065094,0.26621803641319275,-0.47095394134521484,APOLOGIZE 
0:00:04.753935,9,0.5065518617630005,0.3689107298851013,-0.8147184252738953,APOLOGIZE 
0:00:04.753935,10,0.4464808404445648,0.35280054807662964,-0.8247925639152527,APOLOGIZE 
0:00:04.753935,11,0.6268028616905212,0.5545310974121094,-0.15964540839195251,APOLOGIZE 
0:00:04.753935,12,0.2854871153831482,0.5348320603370667,-0.287284255027771,APOLOGIZE 
0:00:04.753935,13,0.6485828161239624,0.9339881539344788,-0.6361275911331177,APOLOGIZE 
0:00:04.753935,14,0.23931927978992462,0.9228525757789612,-0.8481258153915405,APOLOGIZE 
0:00:04.753935,15,0.5968133807182312,0.7644863724708557,-1.4420576095581055,APOLOGIZE 
0:00:04.753935,16,0.4595688283443451,0.6718366742134094,-1.5431973934173584,APOLOGIZE 
0:00:04.753935,17,0.5524512529373169,0.6350287199020386,-1.5802032947540283,APOLOGIZE 
0:00:04.753935,18,0.502764105796814,0.5884603261947632,-1.6604410409927368,APOLOGIZE 
0:00:04.753935,19,0.5521199703216553,0.5535961985588074,-1.5411577224731445,APOLOGIZE 
0:00:04.753935,20,0.49468278884887695,0.5446163415908813,-1.60299551486969,APOLOGIZE 
0:00:04.753935,21,0.5453100204467773,0.5912545323371887,-1.4497897624969482,APOLOGIZE 
0:00:04.753935,22,0.4834679067134857,0.5710837244987488,-1.5203588008880615,APOLOGIZE 
0:00:04.753935,23,0.5624014735221863,1.2278144359588623,-0.048304688185453415,APOLOGIZE 
0:00:04.753935,24,0.31267327070236206,1.2208631038665771,0.05191755294799805,APOLOGIZE 
0:00:04.753935,25,0.5343811511993408,1.759202241897583,0.016343604773283005,APOLOGIZE 
0:00:04.753935,26,0.2920180559158325,1.735809564590454,0.31309717893600464,APOLOGIZE 
0:00:04.753935,27,0.5164223909378052,2.205496072769165,0.5569494366645813,APOLOGIZE 
0:00:04.753935,28,0.28521203994750977,2.180116891860962,0.9432451128959656,APOLOGIZE 
0:00:04.753935,29,0.5172783136367798,2.26731538772583,0.5792397856712341,APOLOGIZE 
0:00:04.753935,30,0.27320581674575806,2.2448642253875732,0.994479775428772,APOLOGIZE 
0:00:04.753935,31,0.48458153009414673,2.3655014038085938,0.025695499032735825,APOLOGIZE 
0:00:04.753935,32,0.31985729932785034,2.33541202545166,0.4119811952114105,APOLOGIZE 
0:00:04.831255,0,0.4876073896884918,0.30504149198532104,-1.0119035243988037,APOLOGIZE 
0:00:04.831255,1,0.5169079303741455,0.2586428225040436,-0.9443820118904114,APOLOGIZE 
0:00:04.831255,2,0.531291127204895,0.2630802392959595,-0.944555401802063,APOLOGIZE 
0:00:04.831255,3,0.5442662239074707,0.26799333095550537,-0.944282054901123,APOLOGIZE 
0:00:04.831255,4,0.4691818654537201,0.24875380098819733,-0.9542279243469238,APOLOGIZE 
0:00:04.831255,5,0.44984883069992065,0.2455291748046875,-0.954062283039093,APOLOGIZE 
0:00:04.831255,6,0.4320712983608246,0.24265822768211365,-0.9547585248947144,APOLOGIZE 
0:00:04.831255,7,0.5639726519584656,0.3008593022823334,-0.46289515495300293,APOLOGIZE 
0:00:04.831255,8,0.40175575017929077,0.26724591851234436,-0.48092713952064514,APOLOGIZE 
0:00:04.831255,9,0.5066666603088379,0.37117815017700195,-0.8306439518928528,APOLOGIZE 
0:00:04.831255,10,0.44727006554603577,0.3549190163612366,-0.8400635719299316,APOLOGIZE 
0:00:04.831255,11,0.6266475319862366,0.5546358823776245,-0.16876378655433655,APOLOGIZE 
0:00:04.831255,12,0.28559619188308716,0.5349840521812439,-0.2592679262161255,APOLOGIZE 
0:00:04.831255,13,0.649641215801239,0.9341337084770203,-0.6757192611694336,APOLOGIZE 
0:00:04.831255,14,0.23441191017627716,0.9226664304733276,-0.7633012533187866,APOLOGIZE 
0:00:04.831255,15,0.5875539779663086,0.6634189486503601,-1.5088856220245361,APOLOGIZE 
0:00:04.831255,16,0.4485752582550049,0.6750237941741943,-1.5212204456329346,APOLOGIZE 
0:00:04.831255,17,0.5561617016792297,0.6162870526313782,-1.6544559001922607,APOLOGIZE 
0:00:04.831255,18,0.43837156891822815,0.7275135517120361,-1.6475235223770142,APOLOGIZE 
0:00:04.831255,19,0.5551439523696899,0.5403547883033752,-1.6181808710098267,APOLOGIZE 
0:00:04.831255,20,0.4388987421989441,0.663993239402771,-1.603546380996704,APOLOGIZE 
0:00:04.831255,21,0.5465725660324097,0.5773096680641174,-1.517187476158142,APOLOGIZE 
0:00:04.831255,22,0.4331238269805908,0.6829766631126404,-1.5142030715942383,APOLOGIZE 
0:00:04.831255,23,0.5624614953994751,1.239527940750122,-0.049927935004234314,APOLOGIZE 
0:00:04.831255,24,0.31399574875831604,1.2443791627883911,0.05366275832056999,APOLOGIZE 
0:00:04.831255,25,0.5391011834144592,1.7682688236236572,-0.0002495244552846998,APOLOGIZE 
0:00:04.831255,26,0.2957984209060669,1.751941442489624,0.35102131962776184,APOLOGIZE 
0:00:04.831255,27,0.5220209956169128,2.220555305480957,0.5184430480003357,APOLOGIZE 
0:00:04.831255,28,0.2890424430370331,2.1997766494750977,1.0075490474700928,APOLOGIZE 
0:00:04.831255,29,0.5227388143539429,2.285743474960327,0.537310004234314,APOLOGIZE 
0:00:04.831255,30,0.27720504999160767,2.2649612426757812,1.0591905117034912,APOLOGIZE 
0:00:04.831255,31,0.48929136991500854,2.378159999847412,-0.035506974905729294,APOLOGIZE 
0:00:04.831255,32,0.3234953284263611,2.3546526432037354,0.47335919737815857,APOLOGIZE 
0:00:04.907463,0,0.4883245825767517,0.3054865002632141,-1.0163209438323975,APOLOGIZE 
0:00:04.907463,1,0.5173085927963257,0.2587786912918091,-0.9500030279159546,APOLOGIZE 
0:00:04.907463,2,0.5315474271774292,0.26322025060653687,-0.9503183364868164,APOLOGIZE 
0:00:04.907463,3,0.5445116758346558,0.2681458294391632,-0.9500278234481812,APOLOGIZE 
0:00:04.907463,4,0.46976572275161743,0.2488522082567215,-0.9565622210502625,APOLOGIZE 
0:00:04.907463,5,0.4503985345363617,0.24560901522636414,-0.9563555717468262,APOLOGIZE 
0:00:04.907463,6,0.4324180483818054,0.24273180961608887,-0.9569981694221497,APOLOGIZE 
0:00:04.907463,7,0.5639862418174744,0.3010023832321167,-0.4679902493953705,APOLOGIZE 
0:00:04.907463,8,0.4017678201198578,0.26739251613616943,-0.4789215624332428,APOLOGIZE 
0:00:04.907463,9,0.5069237947463989,0.37193578481674194,-0.8340610265731812,APOLOGIZE 
0:00:04.907463,10,0.44790786504745483,0.3557024598121643,-0.8401773571968079,APOLOGIZE 
0:00:04.907463,11,0.6263323426246643,0.5546610355377197,-0.16933372616767883,APOLOGIZE 
0:00:04.907463,12,0.2856152653694153,0.5351243615150452,-0.2523340582847595,APOLOGIZE 
0:00:04.907463,13,0.6499181985855103,0.9341478943824768,-0.7364218831062317,APOLOGIZE 
0:00:04.907463,14,0.2332983911037445,0.9229515194892883,-0.7513637542724609,APOLOGIZE 
0:00:04.907463,15,0.5846388339996338,0.6529611945152283,-1.5977238416671753,APOLOGIZE 
0:00:04.907463,16,0.44167715311050415,0.6759214997291565,-1.4565047025680542,APOLOGIZE 
0:00:04.907463,17,0.558527410030365,0.5960566997528076,-1.7464377880096436,APOLOGIZE 
0:00:04.907463,18,0.4360074996948242,0.704659640789032,-1.5795814990997314,APOLOGIZE 
0:00:04.907463,19,0.557406485080719,0.5413707494735718,-1.7024732828140259,APOLOGIZE 
0:00:04.907463,20,0.4340859353542328,0.6475494503974915,-1.5343782901763916,APOLOGIZE 
0:00:04.907463,21,0.5477532148361206,0.577871561050415,-1.6033754348754883,APOLOGIZE 
0:00:04.907463,22,0.4293326735496521,0.6676018238067627,-1.4508873224258423,APOLOGIZE 
0:00:04.907463,23,0.5623887777328491,1.2470145225524902,-0.05082760006189346,APOLOGIZE 
0:00:04.907463,24,0.31430986523628235,1.2549643516540527,0.05458416789770126,APOLOGIZE 
0:00:04.907463,25,0.540070116519928,1.777364730834961,-0.0028425471391528845,APOLOGIZE 
0:00:04.907463,26,0.29623943567276,1.7644232511520386,0.3767281174659729,APOLOGIZE 
0:00:04.907463,27,0.5224250555038452,2.2323012351989746,0.5223656296730042,APOLOGIZE 
0:00:04.907463,28,0.2892315685749054,2.213893175125122,1.054671287536621,APOLOGIZE 
0:00:04.907463,29,0.5228087306022644,2.2991740703582764,0.5423882007598877,APOLOGIZE 
0:00:04.907463,30,0.27742254734039307,2.2789199352264404,1.1086009740829468,APOLOGIZE 
0:00:04.907463,31,0.4904266893863678,2.3892407417297363,-0.026784610003232956,APOLOGIZE 
0:00:04.907463,32,0.3226073682308197,2.370159864425659,0.5278724431991577,APOLOGIZE 
0:00:04.969558,0,0.48923569917678833,0.30598676204681396,-1.1952400207519531,APOLOGIZE 
0:00:04.969558,1,0.5176389813423157,0.2590581476688385,-1.1235994100570679,APOLOGIZE 
0:00:04.969558,2,0.53177410364151,0.2635060250759125,-1.1238656044006348,APOLOGIZE 
0:00:04.969558,3,0.5447418093681335,0.2684231102466583,-1.1235730648040771,APOLOGIZE 
0:00:04.969558,4,0.47048258781433105,0.24908071756362915,-1.1348202228546143,APOLOGIZE 
0:00:04.969558,5,0.4512336254119873,0.24581578373908997,-1.134716272354126,APOLOGIZE 
0:00:04.969558,6,0.43315544724464417,0.24295638501644135,-1.135386347770691,APOLOGIZE 
0:00:04.969558,7,0.5641958713531494,0.30125123262405396,-0.5982881188392639,APOLOGIZE 
0:00:04.969558,8,0.4021586775779724,0.2677304446697235,-0.6433749794960022,APOLOGIZE 
0:00:04.969558,9,0.5074647665023804,0.3727860748767853,-0.9940525889396667,APOLOGIZE 
0:00:04.969558,10,0.44976606965065,0.35676199197769165,-1.0083725452423096,APOLOGIZE 
0:00:04.969558,11,0.6276067495346069,0.5547052025794983,-0.1972847580909729,APOLOGIZE 
0:00:04.969558,12,0.2860845923423767,0.535132110118866,-0.4158843159675598,APOLOGIZE 
0:00:04.969558,13,0.6552976369857788,0.9317947626113892,-0.31546497344970703,APOLOGIZE 
0:00:04.969558,14,0.2303662747144699,0.9158473610877991,-0.8801385760307312,APOLOGIZE 
0:00:04.969558,15,0.6587469577789307,1.0355844497680664,-0.8525153994560242,APOLOGIZE 
0:00:04.969558,16,0.4510062634944916,0.6996538043022156,-1.6356512308120728,APOLOGIZE 
0:00:04.969558,17,0.6661988496780396,1.1000323295593262,-0.9603889584541321,APOLOGIZE 
0:00:04.969558,18,0.4900454580783844,0.6903903484344482,-1.7955763339996338,APOLOGIZE 
0:00:04.969558,19,0.6595799326896667,1.05325186252594,-1.0197358131408691,APOLOGIZE 
0:00:04.969558,20,0.4579015374183655,0.6426117420196533,-1.7708122730255127,APOLOGIZE 
0:00:04.969558,21,0.6434244513511658,1.0332894325256348,-0.894527792930603,APOLOGIZE 
0:00:04.969558,22,0.4716634750366211,0.6583485007286072,-1.6395561695098877,APOLOGIZE 
0:00:04.969558,23,0.5643805265426636,1.2502886056900024,-0.039931975305080414,APOLOGIZE 
0:00:04.969558,24,0.31429973244667053,1.2569873332977295,0.043612271547317505,APOLOGIZE 
0:00:04.969558,25,0.5392881631851196,1.7797998189926147,-0.0008651957614347339,APOLOGIZE 
0:00:04.969558,26,0.29483604431152344,1.763041377067566,0.23069973289966583,APOLOGIZE 
0:00:04.969558,27,0.5215567350387573,2.2407264709472656,0.5451321601867676,APOLOGIZE 
0:00:04.969558,28,0.288342148065567,2.218660831451416,0.812201976776123,APOLOGIZE 
0:00:04.969558,29,0.5226761102676392,2.307701349258423,0.5650469064712524,APOLOGIZE 
0:00:04.969558,30,0.27607136964797974,2.285309076309204,0.8523343801498413,APOLOGIZE 
0:00:04.969558,31,0.4895995259284973,2.3962833881378174,-0.014626880176365376,APOLOGIZE 
0:00:04.969558,32,0.32175999879837036,2.3698129653930664,0.22861401736736298,APOLOGIZE 
0:00:05.016077,0,0.4901558458805084,0.30610206723213196,-1.2317888736724854,APOLOGIZE 
0:00:05.016077,1,0.5180823802947998,0.2591347396373749,-1.1606252193450928,APOLOGIZE 
0:00:05.016077,2,0.5320764780044556,0.26359236240386963,-1.1608989238739014,APOLOGIZE 
0:00:05.016077,3,0.5450619459152222,0.2685224115848541,-1.1606271266937256,APOLOGIZE 
0:00:05.016077,4,0.471304714679718,0.2491377294063568,-1.171233892440796,APOLOGIZE 
0:00:05.016077,5,0.45218682289123535,0.2458673119544983,-1.1711442470550537,APOLOGIZE 
0:00:05.016077,6,0.4339632987976074,0.24299928545951843,-1.1718132495880127,APOLOGIZE 
0:00:05.016077,7,0.5644596815109253,0.30140480399131775,-0.6347764730453491,APOLOGIZE 
0:00:05.016077,8,0.4026322364807129,0.267770379781723,-0.6796392202377319,APOLOGIZE 
0:00:05.016077,9,0.5080612897872925,0.37299731373786926,-1.0296880006790161,APOLOGIZE 
0:00:05.016077,10,0.4514503479003906,0.35714203119277954,-1.043764352798462,APOLOGIZE 
0:00:05.016077,11,0.6284095048904419,0.55487459897995,-0.22107136249542236,APOLOGIZE 
0:00:05.016077,12,0.2862166166305542,0.5351421236991882,-0.4375731945037842,APOLOGIZE 
0:00:05.016077,13,0.6575278043746948,0.9293057918548584,-0.2829509377479553,APOLOGIZE 
0:00:05.016077,14,0.2285560816526413,0.9113749265670776,-0.8649091720581055,APOLOGIZE 
0:00:05.016077,15,0.671837329864502,1.0794271230697632,-0.8162904977798462,APOLOGIZE 
0:00:05.016077,16,0.45548924803733826,0.7207968831062317,-1.6035823822021484,APOLOGIZE 
0:00:05.016077,17,0.6815477609634399,1.144110918045044,-0.9272481203079224,APOLOGIZE 
0:00:05.016077,18,0.5075768232345581,0.6939178109169006,-1.7612426280975342,APOLOGIZE 
0:00:05.016077,19,0.6747773885726929,1.0994243621826172,-0.9925190806388855,APOLOGIZE 
0:00:05.016077,20,0.4583715796470642,0.6688686609268188,-1.7437444925308228,APOLOGIZE 
0:00:05.016077,21,0.6580997705459595,1.0769984722137451,-0.8612315058708191,APOLOGIZE 
0:00:05.016077,22,0.48310691118240356,0.6534985303878784,-1.608978509902954,APOLOGIZE 
0:00:05.016077,23,0.5651901364326477,1.25222647190094,-0.03723809868097305,APOLOGIZE 
0:00:05.016077,24,0.3140508532524109,1.2581744194030762,0.040862828493118286,APOLOGIZE 
0:00:05.016077,25,0.5386729836463928,1.780794382095337,0.0012678743805736303,APOLOGIZE 
0:00:05.016077,26,0.2939150333404541,1.76140558719635,0.17312899231910706,APOLOGIZE 
0:00:05.016077,27,0.5206228494644165,2.244288206100464,0.573237955570221,APOLOGIZE 
0:00:05.016077,28,0.2877679765224457,2.218905448913574,0.7167568802833557,APOLOGIZE 
0:00:05.016077,29,0.5208203196525574,2.3117189407348633,0.5941515564918518,APOLOGIZE 
0:00:05.016077,30,0.275098979473114,2.286508321762085,0.7537311315536499,APOLOGIZE 
0:00:05.016077,31,0.4871538579463959,2.3988471031188965,-0.004424618557095528,APOLOGIZE 
0:00:05.016077,32,0.32132822275161743,2.3685576915740967,0.13180485367774963,APOLOGIZE 
0:00:05.074724,0,0.4913668632507324,0.30649927258491516,-1.1986461877822876,APOLOGIZE 
0:00:05.074724,1,0.5189851522445679,0.2594144940376282,-1.1278643608093262,APOLOGIZE 
0:00:05.074724,2,0.5327689051628113,0.26396623253822327,-1.128187656402588,APOLOGIZE 
0:00:05.074724,3,0.5458986163139343,0.26900312304496765,-1.1280245780944824,APOLOGIZE 
0:00:05.074724,4,0.4725611209869385,0.24923443794250488,-1.1338045597076416,APOLOGIZE 
0:00:05.074724,5,0.4536270201206207,0.24593929946422577,-1.1336948871612549,APOLOGIZE 
0:00:05.074724,6,0.43532729148864746,0.243076890707016,-1.134373664855957,APOLOGIZE 
0:00:05.074724,7,0.5652811527252197,0.3019093871116638,-0.6125784516334534,APOLOGIZE 
0:00:05.074724,8,0.4037858545780182,0.26786425709724426,-0.6374664902687073,APOLOGIZE 
0:00:05.074724,9,0.5090958476066589,0.3734910190105438,-1.0011727809906006,APOLOGIZE 
0:00:05.074724,10,0.4531117081642151,0.3575816750526428,-1.0090610980987549,APOLOGIZE 
0:00:05.074724,11,0.6288906335830688,0.5548799633979797,-0.2198822796344757,APOLOGIZE 
0:00:05.074724,12,0.28740084171295166,0.5351588726043701,-0.4199610650539398,APOLOGIZE 
0:00:05.074724,13,0.6579327583312988,0.9258435964584351,-0.25577789545059204,APOLOGIZE 
0:00:05.074724,14,0.22484099864959717,0.9114153981208801,-0.6648595929145813,APOLOGIZE 
0:00:05.074724,15,0.6792572736740112,1.0865663290023804,-0.798965334892273,APOLOGIZE 
0:00:05.074724,16,0.45376357436180115,0.7805644869804382,-1.3502833843231201,APOLOGIZE 
0:00:05.074724,17,0.6907655000686646,1.1559172868728638,-0.9202755689620972,APOLOGIZE 
0:00:05.074724,18,0.5027673840522766,0.7721205353736877,-1.5091954469680786,APOLOGIZE 
0:00:05.074724,19,0.6801203489303589,1.115195393562317,-0.9930146932601929,APOLOGIZE 
0:00:05.074724,20,0.48955750465393066,0.7141169309616089,-1.5239068269729614,APOLOGIZE 
0:00:05.074724,21,0.6625312566757202,1.0906120538711548,-0.8478495478630066,APOLOGIZE 
0:00:05.074724,22,0.48885250091552734,0.7193177938461304,-1.3685822486877441,APOLOGIZE 
0:00:05.074724,23,0.5639774799346924,1.2531981468200684,-0.03874564543366432,APOLOGIZE 
0:00:05.074724,24,0.3060184121131897,1.2501894235610962,0.04235249385237694,APOLOGIZE 
0:00:05.074724,25,0.5294213891029358,1.7805626392364502,-0.002671686699613929,APOLOGIZE 
0:00:05.074724,26,0.28903526067733765,1.7503184080123901,0.13025039434432983,APOLOGIZE 
0:00:05.074724,27,0.5049921870231628,2.243316650390625,0.557845950126648,APOLOGIZE 
0:00:05.074724,28,0.27291616797447205,2.213468074798584,0.6493569612503052,APOLOGIZE 
0:00:05.074724,29,0.5034112930297852,2.3103649616241455,0.5772244930267334,APOLOGIZE 
0:00:05.074724,30,0.25935453176498413,2.284006357192993,0.683883547782898,APOLOGIZE 
0:00:05.074724,31,0.46324586868286133,2.3986871242523193,-0.01690395176410675,APOLOGIZE 
0:00:05.074724,32,0.30499082803726196,2.3587019443511963,0.06628280133008957,APOLOGIZE 
0:00:05.133953,0,0.4921456277370453,0.306850403547287,-1.1786561012268066,APOLOGIZE 
0:00:05.133953,1,0.5194857716560364,0.25965139269828796,-1.108354926109314,APOLOGIZE 
0:00:05.133953,2,0.5331729650497437,0.2642356753349304,-1.108709454536438,APOLOGIZE 
0:00:05.133953,3,0.5462921261787415,0.26930904388427734,-1.1085771322250366,APOLOGIZE 
0:00:05.133953,4,0.4733101427555084,0.2493879199028015,-1.1127320528030396,APOLOGIZE 
0:00:05.133953,5,0.45443734526634216,0.24607427418231964,-1.1126091480255127,APOLOGIZE 
0:00:05.133953,6,0.43612757325172424,0.24323463439941406,-1.1132880449295044,APOLOGIZE 
0:00:05.133953,7,0.5656863451004028,0.3021770119667053,-0.5993771553039551,APOLOGIZE 
0:00:05.133953,8,0.4043346345424652,0.26801660656929016,-0.6175246834754944,APOLOGIZE 
0:00:05.133953,9,0.5097187757492065,0.37377849221229553,-0.9838247299194336,APOLOGIZE 
0:00:05.133953,10,0.45412927865982056,0.35793712735176086,-0.9895932078361511,APOLOGIZE 
0:00:05.133953,11,0.6293953657150269,0.5548816323280334,-0.21862152218818665,APOLOGIZE 
0:00:05.133953,12,0.28804507851600647,0.5351753234863281,-0.36359745264053345,APOLOGIZE 
0:00:05.133953,13,0.6584994196891785,0.922978937625885,-0.19261766970157623,APOLOGIZE 
0:00:05.133953,14,0.22215282917022705,0.9113234877586365,-0.5416219234466553,APOLOGIZE 
0:00:05.133953,15,0.6872180104255676,1.1132608652114868,-0.6881540417671204,APOLOGIZE 
0:00:05.133953,16,0.4278408885002136,0.80083167552948,-1.1782983541488647,APOLOGIZE 
0:00:05.133953,17,0.7026404142379761,1.1931183338165283,-0.8055111169815063,APOLOGIZE 
0:00:05.133953,18,0.4650444984436035,0.8363300561904907,-1.3308237791061401,APOLOGIZE 
0:00:05.133953,19,0.6904758214950562,1.1577098369598389,-0.893438994884491,APOLOGIZE 
0:00:05.133953,20,0.498427152633667,0.7245326638221741,-1.3570724725723267,APOLOGIZE 
0:00:05.133953,21,0.6713541150093079,1.1286405324935913,-0.742412805557251,APOLOGIZE 
0:00:05.133953,22,0.478666216135025,0.7372803092002869,-1.2012237310409546,APOLOGIZE 
0:00:05.133953,23,0.5633967518806458,1.2536083459854126,-0.0419716015458107,APOLOGIZE 
0:00:05.133953,24,0.3024245500564575,1.2471089363098145,0.04556577280163765,APOLOGIZE 
0:00:05.133953,25,0.525606095790863,1.780476689338684,-0.004860951565206051,APOLOGIZE 
0:00:05.133953,26,0.28664177656173706,1.744779109954834,0.10027583688497543,APOLOGIZE 
0:00:05.133953,27,0.4998832643032074,2.2425332069396973,0.5566205382347107,APOLOGIZE 
0:00:05.133953,28,0.2664509117603302,2.211458921432495,0.6127325892448425,APOLOGIZE 
0:00:05.133953,29,0.49759888648986816,2.309398651123047,0.5762006044387817,APOLOGIZE 
0:00:05.133953,30,0.2530161738395691,2.283590793609619,0.6463987827301025,APOLOGIZE 
0:00:05.133953,31,0.45674920082092285,2.398325204849243,-0.013656849972903728,APOLOGIZE 
0:00:05.133953,32,0.29798322916030884,2.3539135456085205,0.027842219918966293,APOLOGIZE 
0:00:05.205028,0,0.49324193596839905,0.307481974363327,-1.12271249294281,APOLOGIZE 
0:00:05.205028,1,0.5207352638244629,0.26118290424346924,-1.0486172437667847,APOLOGIZE 
0:00:05.205028,2,0.5342045426368713,0.26610419154167175,-1.048858642578125,APOLOGIZE 
0:00:05.205028,3,0.5476750731468201,0.2714897394180298,-1.0488096475601196,APOLOGIZE 
0:00:05.205028,4,0.4752238690853119,0.2499348670244217,-1.0546823740005493,APOLOGIZE 
0:00:05.205028,5,0.4570121765136719,0.24636118113994598,-1.0544389486312866,APOLOGIZE 
0:00:05.205028,6,0.4389638900756836,0.24339421093463898,-1.055153250694275,APOLOGIZE 
0:00:05.205028,7,0.5667466521263123,0.3036598563194275,-0.5355126857757568,APOLOGIZE 
0:00:05.205028,8,0.40817275643348694,0.26804304122924805,-0.5574334859848022,APOLOGIZE 
0:00:05.205028,9,0.510456383228302,0.37465283274650574,-0.9271017909049988,APOLOGIZE 
0:00:05.205028,10,0.45530086755752563,0.3581208288669586,-0.9342323541641235,APOLOGIZE 
0:00:05.205028,11,0.6291004419326782,0.554904580116272,-0.1832772046327591,APOLOGIZE 
0:00:05.205028,12,0.29048076272010803,0.5324002504348755,-0.3308098316192627,APOLOGIZE 
0:00:05.205028,13,0.6588189005851746,0.9252113699913025,-0.507225513458252,APOLOGIZE 
0:00:05.205028,14,0.21281222999095917,0.9069963097572327,-0.7080748081207275,APOLOGIZE 
0:00:05.205028,15,0.6809356212615967,0.9031515121459961,-1.347583532333374,APOLOGIZE 
0:00:05.205028,16,0.43711596727371216,0.7908713817596436,-1.5117242336273193,APOLOGIZE 
0:00:05.205028,17,0.6002438068389893,0.8358913660049438,-1.5140607357025146,APOLOGIZE 
0:00:05.205028,18,0.5065032243728638,0.7916650176048279,-1.6781383752822876,APOLOGIZE 
0:00:05.205028,19,0.5941996574401855,0.7728777527809143,-1.507942795753479,APOLOGIZE 
0:00:05.205028,20,0.5225174427032471,0.7169462442398071,-1.663898229598999,APOLOGIZE 
0:00:05.205028,21,0.5868446826934814,0.7831786274909973,-1.3702754974365234,APOLOGIZE 
0:00:05.205028,22,0.5062565803527832,0.7284340262413025,-1.5184893608093262,APOLOGIZE 
0:00:05.205028,23,0.558346688747406,1.2447882890701294,-0.03950538486242294,APOLOGIZE 
0:00:05.205028,24,0.29020172357559204,1.2319546937942505,0.04314824193716049,APOLOGIZE 
0:00:05.205028,25,0.5133902430534363,1.7764889001846313,0.07194410264492035,APOLOGIZE 
0:00:05.205028,26,0.26747140288352966,1.7337336540222168,0.16399995982646942,APOLOGIZE 
0:00:05.205028,27,0.4774071276187897,2.236447334289551,0.6297712326049805,APOLOGIZE 
0:00:05.205028,28,0.23550590872764587,2.1954002380371094,0.7236334085464478,APOLOGIZE 
0:00:05.205028,29,0.4748252332210541,2.301636219024658,0.6524912118911743,APOLOGIZE 
0:00:05.205028,30,0.21967796981334686,2.264400005340576,0.7645573616027832,APOLOGIZE 
0:00:05.205028,31,0.43077921867370605,2.394221544265747,0.08648393303155899,APOLOGIZE 
0:00:05.205028,32,0.2657081186771393,2.3459463119506836,0.16003765165805817,APOLOGIZE 
0:00:05.276029,0,0.4940974712371826,0.3081786334514618,-1.12265145778656,APOLOGIZE 
0:00:05.276029,1,0.5216882824897766,0.2621968388557434,-1.0485882759094238,APOLOGIZE 
0:00:05.276029,2,0.5350566506385803,0.2673589885234833,-1.0488314628601074,APOLOGIZE 
0:00:05.276029,3,0.5487585663795471,0.2729973793029785,-1.0487715005874634,APOLOGIZE 
0:00:05.276029,4,0.47654733061790466,0.2502387762069702,-1.0543160438537598,APOLOGIZE 
0:00:05.276029,5,0.4585721492767334,0.2464917153120041,-1.0540648698806763,APOLOGIZE 
0:00:05.276029,6,0.44066959619522095,0.24346642196178436,-1.0547711849212646,APOLOGIZE 
0:00:05.276029,7,0.5677517056465149,0.30476728081703186,-0.5365878343582153,APOLOGIZE 
0:00:05.276029,8,0.4102652966976166,0.2680528461933136,-0.5542266368865967,APOLOGIZE 
0:00:05.276029,9,0.5109969973564148,0.37584182620048523,-0.9270839691162109,APOLOGIZE 
0:00:05.276029,10,0.4560794234275818,0.3584093153476715,-0.9336953163146973,APOLOGIZE 
0:00:05.276029,11,0.6290677189826965,0.5552999377250671,-0.18580809235572815,APOLOGIZE 
0:00:05.276029,12,0.2911706268787384,0.5319693684577942,-0.31722313165664673,APOLOGIZE 
0:00:05.276029,13,0.6595234274864197,0.9265643954277039,-0.6082944869995117,APOLOGIZE 
0:00:05.276029,14,0.20594552159309387,0.9062092900276184,-0.7183037996292114,APOLOGIZE 
0:00:05.276029,15,0.6785178184509277,0.8339785933494568,-1.4828808307647705,APOLOGIZE 
0:00:05.276029,16,0.4407936930656433,0.7863852381706238,-1.5169926881790161,APOLOGIZE 
0:00:05.276029,17,0.5788476467132568,0.7579326033592224,-1.6557661294937134,APOLOGIZE 
0:00:05.276029,18,0.5044330358505249,0.7933045625686646,-1.6785666942596436,APOLOGIZE 
0:00:05.276029,19,0.5738110542297363,0.6962123513221741,-1.6447378396987915,APOLOGIZE 
0:00:05.276029,20,0.5285048484802246,0.7149258852005005,-1.6643791198730469,APOLOGIZE 
0:00:05.276029,21,0.5675312876701355,0.732004702091217,-1.5045759677886963,APOLOGIZE 
0:00:05.276029,22,0.502738356590271,0.7252758145332336,-1.5240870714187622,APOLOGIZE 
0:00:05.276029,23,0.5557914972305298,1.2429412603378296,-0.039536815136671066,APOLOGIZE 
0:00:05.276029,24,0.28472620248794556,1.2281005382537842,0.04318687692284584,APOLOGIZE 
0:00:05.276029,25,0.5096057653427124,1.7758383750915527,0.0690721943974495,APOLOGIZE 
0:00:05.276029,26,0.26074284315109253,1.7314140796661377,0.2042091190814972,APOLOGIZE 
0:00:05.276029,27,0.47290390729904175,2.234097480773926,0.6208768486976624,APOLOGIZE 
0:00:05.276029,28,0.2284485101699829,2.189983606338501,0.7774401307106018,APOLOGIZE 
0:00:05.276029,29,0.4705938398838043,2.2986230850219727,0.6430800557136536,APOLOGIZE 
0:00:05.276029,30,0.21249309182167053,2.257824420928955,0.8195276260375977,APOLOGIZE 
0:00:05.276029,31,0.42620810866355896,2.3926775455474854,0.07505346089601517,APOLOGIZE 
0:00:05.276029,32,0.2598288953304291,2.343721866607666,0.21989230811595917,APOLOGIZE 
0:00:05.350546,0,0.4954165816307068,0.3084028661251068,-1.365256905555725,APOLOGIZE 
0:00:05.350546,1,0.5235663652420044,0.26257696747779846,-1.293540120124817,APOLOGIZE 
0:00:05.350546,2,0.5369166135787964,0.2676486372947693,-1.2936577796936035,APOLOGIZE 
0:00:05.350546,3,0.5513259768486023,0.2732186019420624,-1.2935473918914795,APOLOGIZE 
0:00:05.350546,4,0.4784359037876129,0.2506421208381653,-1.3034690618515015,APOLOGIZE 
0:00:05.350546,5,0.46060919761657715,0.2467946857213974,-1.3033416271209717,APOLOGIZE 
0:00:05.350546,6,0.4426507353782654,0.24380630254745483,-1.3040707111358643,APOLOGIZE 
0:00:05.350546,7,0.5696156620979309,0.3048578202724457,-0.7755225300788879,APOLOGIZE 
0:00:05.350546,8,0.41305652260780334,0.2685610055923462,-0.8158919215202332,APOLOGIZE 
0:00:05.350546,9,0.5123927593231201,0.37615516781806946,-1.166046380996704,APOLOGIZE 
0:00:05.350546,10,0.4573442041873932,0.358591228723526,-1.1788026094436646,APOLOGIZE 
0:00:05.350546,11,0.6287845969200134,0.5575695037841797,-0.3438277542591095,APOLOGIZE 
0:00:05.350546,12,0.29332399368286133,0.5329686999320984,-0.5885897874832153,APOLOGIZE 
0:00:05.350546,13,0.6586835980415344,0.9376059174537659,-0.23122355341911316,APOLOGIZE 
0:00:05.350546,14,0.20093806087970734,0.9089521169662476,-0.9318000674247742,APOLOGIZE 
0:00:05.350546,15,0.6891669631004333,1.2514054775238037,-0.5853402614593506,APOLOGIZE 
0:00:05.350546,16,0.46816593408584595,0.8407222032546997,-1.6137707233428955,APOLOGIZE 
0:00:05.350546,17,0.6918783187866211,1.3512310981750488,-0.6792701482772827,APOLOGIZE 
0:00:05.350546,18,0.527802586555481,0.8195998668670654,-1.7845042943954468,APOLOGIZE 
0:00:05.350546,19,0.671973466873169,1.335652232170105,-0.7746080160140991,APOLOGIZE 
0:00:05.350546,20,0.5384973883628845,0.7584033608436584,-1.775406837463379,APOLOGIZE 
0:00:05.350546,21,0.6496776342391968,1.2972066402435303,-0.6387301683425903,APOLOGIZE 
0:00:05.350546,22,0.5199648141860962,0.7651673555374146,-1.6191141605377197,APOLOGIZE 
0:00:05.350546,23,0.5491726398468018,1.246111273765564,-0.020478183403611183,APOLOGIZE 
0:00:05.350546,24,0.2820643484592438,1.227950930595398,0.02368425577878952,APOLOGIZE 
0:00:05.350546,25,0.5033141374588013,1.7872272729873657,0.11264681816101074,APOLOGIZE 
0:00:05.350546,26,0.25854891538619995,1.741233229637146,0.1839405596256256,APOLOGIZE 
0:00:05.350546,27,0.4602563977241516,2.2539596557617188,0.7933925986289978,APOLOGIZE 
0:00:05.350546,28,0.22644993662834167,2.21368145942688,0.781744658946991,APOLOGIZE 
0:00:05.350546,29,0.4556984007358551,2.3210864067077637,0.8258118629455566,APOLOGIZE 
0:00:05.350546,30,0.21199865639209747,2.284116268157959,0.8254978060722351,APOLOGIZE 
0:00:05.350546,31,0.41426071524620056,2.4136924743652344,0.23534223437309265,APOLOGIZE 
0:00:05.350546,32,0.2511926293373108,2.3683242797851562,0.20799219608306885,APOLOGIZE 
0:00:05.430802,0,0.49653810262680054,0.30856457352638245,-1.330985188484192,APOLOGIZE 
0:00:05.430802,1,0.5250078439712524,0.26282185316085815,-1.257681965827942,APOLOGIZE 
0:00:05.430802,2,0.5383277535438538,0.2679121196269989,-1.2578412294387817,APOLOGIZE 
0:00:05.430802,3,0.5531525015830994,0.2735154926776886,-1.2576935291290283,APOLOGIZE 
0:00:05.430802,4,0.47983700037002563,0.250814288854599,-1.267937421798706,APOLOGIZE 
0:00:05.430802,5,0.4621146619319916,0.24691985547542572,-1.267778754234314,APOLOGIZE 
0:00:05.430802,6,0.4441135823726654,0.24396228790283203,-1.2685168981552124,APOLOGIZE 
0:00:05.430802,7,0.5711997747421265,0.3050824999809265,-0.7407809495925903,APOLOGIZE 
0:00:05.430802,8,0.41486555337905884,0.26882848143577576,-0.782423734664917,APOLOGIZE 
0:00:05.430802,9,0.5134721994400024,0.376498818397522,-1.1329349279403687,APOLOGIZE 
0:00:05.430802,10,0.4585431218147278,0.35876956582069397,-1.1462085247039795,APOLOGIZE 
0:00:05.430802,11,0.628572940826416,0.559293806552887,-0.3169822096824646,APOLOGIZE 
0:00:05.430802,12,0.29460981488227844,0.5337495803833008,-0.5634020566940308,APOLOGIZE 
0:00:05.430802,13,0.6576831936836243,0.9436799883842468,-0.16096703708171844,APOLOGIZE 
0:00:05.430802,14,0.19829878211021423,0.9106179475784302,-0.9095066785812378,APOLOGIZE 
0:00:05.430802,15,0.6936081647872925,1.2707903385162354,-0.5129813551902771,APOLOGIZE 
0:00:05.430802,16,0.47656288743019104,0.8531576991081238,-1.5806176662445068,APOLOGIZE 
0:00:05.430802,17,0.7132232189178467,1.3719176054000854,-0.6059944033622742,APOLOGIZE 
0:00:05.430802,18,0.5342116355895996,0.8253427743911743,-1.7472842931747437,APOLOGIZE 
0:00:05.430802,19,0.6939491629600525,1.3549898862838745,-0.6988807916641235,APOLOGIZE 
0:00:05.430802,20,0.5410155057907104,0.7669404149055481,-1.7373905181884766,APOLOGIZE 
0:00:05.430802,21,0.6704045534133911,1.3161531686782837,-0.5661907196044922,APOLOGIZE 
0:00:05.430802,22,0.5247489213943481,0.7736970782279968,-1.5857179164886475,APOLOGIZE 
0:00:05.430802,23,0.5460970401763916,1.2510734796524048,-0.016350090503692627,APOLOGIZE 
0:00:05.430802,24,0.28101104497909546,1.2280237674713135,0.019579794257879257,APOLOGIZE 
0:00:05.430802,25,0.5019468069076538,1.791994571685791,0.09994415938854218,APOLOGIZE 
0:00:05.430802,26,0.2588788866996765,1.74673330783844,0.17198315262794495,APOLOGIZE 
0:00:05.430802,27,0.4583125710487366,2.261472225189209,0.7682930827140808,APOLOGIZE 
0:00:05.430802,28,0.2285686433315277,2.2226979732513428,0.7803942561149597,APOLOGIZE 
0:00:05.430802,29,0.4529320299625397,2.3297858238220215,0.798632025718689,APOLOGIZE 
0:00:05.430802,30,0.214673712849617,2.2942380905151367,0.8251662254333496,APOLOGIZE 
0:00:05.430802,31,0.41412073373794556,2.4204928874969482,0.20867785811424255,APOLOGIZE 
0:00:05.430802,32,0.2525790333747864,2.3754093647003174,0.1881851851940155,APOLOGIZE 
0:00:05.501327,0,0.49670490622520447,0.3086127042770386,-1.4198228120803833,APOLOGIZE 
0:00:05.501327,1,0.5254902243614197,0.2630265951156616,-1.345115065574646,APOLOGIZE 
0:00:05.501327,2,0.5390041470527649,0.2680990993976593,-1.345215082168579,APOLOGIZE 
0:00:05.501327,3,0.5539538264274597,0.273730605840683,-1.3450530767440796,APOLOGIZE 
0:00:05.501327,4,0.4801611006259918,0.2510184645652771,-1.3564141988754272,APOLOGIZE 
0:00:05.501327,5,0.4623199999332428,0.2470744401216507,-1.3562902212142944,APOLOGIZE 
0:00:05.501327,6,0.44442519545555115,0.24414698779582977,-1.357096791267395,APOLOGIZE 
0:00:05.501327,7,0.5723890066146851,0.3052208721637726,-0.8200470209121704,APOLOGIZE 
0:00:05.501327,8,0.4166397154331207,0.2689440846443176,-0.8607749938964844,APOLOGIZE 
0:00:05.501327,9,0.5138742327690125,0.3765344023704529,-1.218347191810608,APOLOGIZE 
0:00:05.501327,10,0.4586149752140045,0.35878288745880127,-1.2314002513885498,APOLOGIZE 
0:00:05.501327,11,0.6286290884017944,0.5595443248748779,-0.3729049563407898,APOLOGIZE 
0:00:05.501327,12,0.2962777018547058,0.5355201959609985,-0.6464192867279053,APOLOGIZE 
0:00:05.501327,13,0.6530245542526245,0.9442569613456726,-0.18716974556446075,APOLOGIZE 
0:00:05.501327,14,0.19090500473976135,0.9167669415473938,-0.9625493884086609,APOLOGIZE 
0:00:05.501327,15,0.6873906850814819,1.2453261613845825,-0.5207716226577759,APOLOGIZE 
0:00:05.501327,16,0.473592609167099,0.8678620457649231,-1.58856201171875,APOLOGIZE 
0:00:05.501327,17,0.702434241771698,1.3433164358139038,-0.6079707145690918,APOLOGIZE 
0:00:05.501327,18,0.5309096574783325,0.8437224626541138,-1.7506555318832397,APOLOGIZE 
0:00:05.501327,19,0.6843430995941162,1.3255263566970825,-0.6921254396438599,APOLOGIZE 
0:00:05.501327,20,0.5375157594680786,0.7841807007789612,-1.7388004064559937,APOLOGIZE 
0:00:05.501327,21,0.6637234687805176,1.28770112991333,-0.5693861246109009,APOLOGIZE 
0:00:05.501327,22,0.5221190452575684,0.7884776592254639,-1.589767336845398,APOLOGIZE 
0:00:05.501327,23,0.5463427305221558,1.2505059242248535,-0.012941857799887657,APOLOGIZE 
0:00:05.501327,24,0.28449809551239014,1.2238494157791138,0.016140177845954895,APOLOGIZE 
0:00:05.501327,25,0.5060727596282959,1.792623519897461,0.11712517589330673,APOLOGIZE 
0:00:05.501327,26,0.26174789667129517,1.752445101737976,0.1987193375825882,APOLOGIZE 
0:00:05.501327,27,0.45944032073020935,2.2628676891326904,0.8205000758171082,APOLOGIZE 
0:00:05.501327,28,0.23289266228675842,2.2312355041503906,0.8590987324714661,APOLOGIZE 
0:00:05.501327,29,0.4532518982887268,2.3309826850891113,0.8542758822441101,APOLOGIZE 
0:00:05.501327,30,0.21889623999595642,2.302440881729126,0.9097687602043152,APOLOGIZE 
0:00:05.501327,31,0.4159642159938812,2.4256432056427,0.2563014328479767,APOLOGIZE 
0:00:05.501327,32,0.2585776448249817,2.3883144855499268,0.25973886251449585,APOLOGIZE 
0:00:05.555125,0,0.4968640208244324,0.3086618483066559,-1.4309329986572266,APOLOGIZE 
0:00:05.555125,1,0.5259050130844116,0.26315078139305115,-1.356020450592041,APOLOGIZE 
0:00:05.555125,2,0.5395582318305969,0.26818493008613586,-1.3561160564422607,APOLOGIZE 
0:00:05.555125,3,0.554568886756897,0.27380767464637756,-1.3559484481811523,APOLOGIZE 
0:00:05.555125,4,0.4804109036922455,0.25117939710617065,-1.36689031124115,APOLOGIZE 
0:00:05.555125,5,0.4624623656272888,0.24719469249248505,-1.3667652606964111,APOLOGIZE 
0:00:05.555125,6,0.4446309506893158,0.24428555369377136,-1.367566704750061,APOLOGIZE 
0:00:05.555125,7,0.5731902122497559,0.3052850663661957,-0.8304562568664551,APOLOGIZE 
0:00:05.555125,8,0.4176299571990967,0.2690420150756836,-0.8689327239990234,APOLOGIZE 
0:00:05.555125,9,0.5142239928245544,0.3765575587749481,-1.2293407917022705,APOLOGIZE 
0:00:05.555125,10,0.45868533849716187,0.35879477858543396,-1.2417339086532593,APOLOGIZE 
0:00:05.555125,11,0.6287042498588562,0.55986487865448,-0.38431671261787415,APOLOGIZE 
0:00:05.555125,12,0.29732874035835266,0.5368639826774597,-0.6532009840011597,APOLOGIZE 
0:00:05.555125,13,0.6508772373199463,0.9450751543045044,-0.19746501743793488,APOLOGIZE 
0:00:05.555125,14,0.1875467598438263,0.9202978014945984,-0.9747660756111145,APOLOGIZE 
0:00:05.555125,15,0.6842293739318848,1.2447205781936646,-0.5307375192642212,APOLOGIZE 
0:00:05.555125,16,0.4719354510307312,0.871085524559021,-1.6018730401992798,APOLOGIZE 
0:00:05.555125,17,0.6995226740837097,1.3435962200164795,-0.618335485458374,APOLOGIZE 
0:00:05.555125,18,0.5293835997581482,0.847881555557251,-1.7636659145355225,APOLOGIZE 
0:00:05.555125,19,0.6811544895172119,1.3260459899902344,-0.7016013860702515,APOLOGIZE 
0:00:05.555125,20,0.5360113978385925,0.7881880402565002,-1.7504392862319946,APOLOGIZE 
0:00:05.555125,21,0.6612504720687866,1.2878648042678833,-0.5789502859115601,APOLOGIZE 
0:00:05.555125,22,0.5209479928016663,0.7920234799385071,-1.601849913597107,APOLOGIZE 
0:00:05.555125,23,0.5465379953384399,1.250369668006897,-0.012158701196312904,APOLOGIZE 
0:00:05.555125,24,0.2866274118423462,1.22159743309021,0.015355296432971954,APOLOGIZE 
0:00:05.555125,25,0.5084294080734253,1.7933100461959839,0.1210009902715683,APOLOGIZE 
0:00:05.555125,26,0.26335641741752625,1.755963683128357,0.2132786065340042,APOLOGIZE 
0:00:05.555125,27,0.45986446738243103,2.2638561725616455,0.8267025947570801,APOLOGIZE 
0:00:05.555125,28,0.23507431149482727,2.23518443107605,0.8785830736160278,APOLOGIZE 
0:00:05.555125,29,0.4545370042324066,2.3318467140197754,0.8606922030448914,APOLOGIZE 
0:00:05.555125,30,0.22094428539276123,2.306230068206787,0.9297959208488464,APOLOGIZE 
0:00:05.555125,31,0.4182952046394348,2.4284162521362305,0.26303187012672424,APOLOGIZE 
0:00:05.555125,32,0.2616615295410156,2.3936455249786377,0.2820434272289276,APOLOGIZE 
0:00:05.623226,0,0.49881449341773987,0.3092479407787323,-1.4585741758346558,APOLOGIZE 
0:00:05.623226,1,0.5289663076400757,0.2638806104660034,-1.3806922435760498,APOLOGIZE 
0:00:05.623226,2,0.5427576303482056,0.2688539922237396,-1.3807414770126343,APOLOGIZE 
0:00:05.623226,3,0.5583367347717285,0.2745303511619568,-1.3805460929870605,APOLOGIZE 
0:00:05.623226,4,0.48316502571105957,0.2518065273761749,-1.3934441804885864,APOLOGIZE 
0:00:05.623226,5,0.4650508761405945,0.24770095944404602,-1.393091082572937,APOLOGIZE 
0:00:05.623226,6,0.4470687806606293,0.2445911467075348,-1.3937820196151733,APOLOGIZE 
0:00:05.623226,7,0.5753594636917114,0.30536937713623047,-0.8391145467758179,APOLOGIZE 
0:00:05.623226,8,0.42046958208084106,0.2690388560295105,-0.8839690089225769,APOLOGIZE 
0:00:05.623226,9,0.5157997012138367,0.3770827651023865,-1.2514046430587769,APOLOGIZE 
0:00:05.623226,10,0.460726797580719,0.35935670137405396,-1.2660143375396729,APOLOGIZE 
0:00:05.623226,11,0.6309600472450256,0.5632383823394775,-0.3846684694290161,APOLOGIZE 
0:00:05.623226,12,0.2972797453403473,0.5433056354522705,-0.6516639590263367,APOLOGIZE 
0:00:05.623226,13,0.6551433205604553,0.9545186161994934,-0.15818896889686584,APOLOGIZE 
0:00:05.623226,14,0.1763342320919037,0.9299728274345398,-0.9817760586738586,APOLOGIZE 
0:00:05.623226,15,0.6865564584732056,1.3078696727752686,-0.4533628523349762,APOLOGIZE 
0:00:05.623226,16,0.45873600244522095,0.8821678161621094,-1.63959538936615,APOLOGIZE 
0:00:05.623226,17,0.7038184404373169,1.4229083061218262,-0.5356885194778442,APOLOGIZE 
0:00:05.623226,18,0.5289552211761475,0.8651055097579956,-1.8043291568756104,APOLOGIZE 
0:00:05.623226,19,0.6809163689613342,1.413819432258606,-0.6160815358161926,APOLOGIZE 
0:00:05.623226,20,0.5333837270736694,0.8025074601173401,-1.7940104007720947,APOLOGIZE 
0:00:05.623226,21,0.6610627174377441,1.3689302206039429,-0.5000800490379333,APOLOGIZE 
0:00:05.623226,22,0.5199689865112305,0.8019216656684875,-1.6408017873764038,APOLOGIZE 
0:00:05.623226,23,0.5464169383049011,1.2634963989257812,-0.012365574017167091,APOLOGIZE 
0:00:05.623226,24,0.28691044449806213,1.243587613105774,0.015687620267271996,APOLOGIZE 
0:00:05.623226,25,0.5172756910324097,1.809415340423584,0.12727677822113037,APOLOGIZE 
0:00:05.623226,26,0.26863858103752136,1.7860124111175537,0.27225714921951294,APOLOGIZE 
0:00:05.623226,27,0.4847815930843353,2.2756011486053467,0.8952159881591797,APOLOGIZE 
0:00:05.623226,28,0.25327199697494507,2.2620506286621094,1.003296971321106,APOLOGIZE 
0:00:05.623226,29,0.48156386613845825,2.3442258834838867,0.9342015385627747,APOLOGIZE 
0:00:05.623226,30,0.24092192947864532,2.3370771408081055,1.0614615678787231,APOLOGIZE 
0:00:05.623226,31,0.4460675120353699,2.4438750743865967,0.3240710496902466,APOLOGIZE 
0:00:05.623226,32,0.28345516324043274,2.4191172122955322,0.40014180541038513,APOLOGIZE 
0:00:05.701124,0,0.4998610019683838,0.309990257024765,-1.472684621810913,APOLOGIZE 
0:00:05.701124,1,0.53058922290802,0.2647131383419037,-1.3919641971588135,APOLOGIZE 
0:00:05.701124,2,0.5445629358291626,0.2697019875049591,-1.3920257091522217,APOLOGIZE 
0:00:05.701124,3,0.5604845285415649,0.2754865884780884,-1.3918042182922363,APOLOGIZE 
0:00:05.701124,4,0.48435235023498535,0.25256261229515076,-1.4079923629760742,APOLOGIZE 
0:00:05.701124,5,0.4660654067993164,0.24833464622497559,-1.407719373703003,APOLOGIZE 
0:00:05.701124,6,0.4479748606681824,0.24508333206176758,-1.4084495306015015,APOLOGIZE 
0:00:05.701124,7,0.5770161747932434,0.30584266781806946,-0.8397530317306519,APOLOGIZE 
0:00:05.701124,8,0.42164498567581177,0.26917028427124023,-0.8998488187789917,APOLOGIZE 
0:00:05.701124,9,0.5168746113777161,0.3777652084827423,-1.2615880966186523,APOLOGIZE 
0:00:05.701124,10,0.46155157685279846,0.3599739074707031,-1.2807035446166992,APOLOGIZE 
0:00:05.701124,11,0.6317467093467712,0.566832423210144,-0.37740379571914673,APOLOGIZE 
0:00:05.701124,12,0.2972443699836731,0.5483359694480896,-0.668531060218811,APOLOGIZE 
0:00:05.701124,13,0.6585673689842224,0.9672892093658447,-0.14068005979061127,APOLOGIZE 
0:00:05.701124,14,0.17366310954093933,0.9409281611442566,-0.9933466911315918,APOLOGIZE 
0:00:05.701124,15,0.6884816884994507,1.3133773803710938,-0.4413352906703949,APOLOGIZE 
0:00:05.701124,16,0.45143628120422363,0.8828018307685852,-1.6319786310195923,APOLOGIZE 
0:00:05.701124,17,0.705894947052002,1.4276241064071655,-0.5222471356391907,APOLOGIZE 
0:00:05.701124,18,0.528394341468811,0.8680757284164429,-1.794812560081482,APOLOGIZE 
0:00:05.701124,19,0.6816290020942688,1.419037938117981,-0.6030396223068237,APOLOGIZE 
0:00:05.701124,20,0.5316647291183472,0.8048368096351624,-1.7846457958221436,APOLOGIZE 
0:00:05.701124,21,0.6621164083480835,1.3738056421279907,-0.48827704787254333,APOLOGIZE 
0:00:05.701124,22,0.519400417804718,0.8030751347541809,-1.632918119430542,APOLOGIZE 
0:00:05.701124,23,0.5465551614761353,1.2775840759277344,-0.012883588671684265,APOLOGIZE 
0:00:05.701124,24,0.28696969151496887,1.263782262802124,0.01626591756939888,APOLOGIZE 
0:00:05.701124,25,0.524656355381012,1.8248642683029175,0.1825939267873764,APOLOGIZE 
0:00:05.701124,26,0.2722269594669342,1.8047655820846558,0.2867853045463562,APOLOGIZE 
0:00:05.701124,27,0.4983803629875183,2.2886428833007812,0.9980134963989258,APOLOGIZE 
0:00:05.701124,28,0.2607066333293915,2.27864146232605,1.0400382280349731,APOLOGIZE 
0:00:05.701124,29,0.49561601877212524,2.3581671714782715,1.0417096614837646,APOLOGIZE 
0:00:05.701124,30,0.24882633984088898,2.3543295860290527,1.100214958190918,APOLOGIZE 
0:00:05.701124,31,0.4610796868801117,2.4583206176757812,0.4354861378669739,APOLOGIZE 
0:00:05.701124,32,0.29329198598861694,2.4363677501678467,0.43833351135253906,APOLOGIZE 
0:00:05.782522,0,0.5024343729019165,0.3114522099494934,-1.4043303728103638,APOLOGIZE 
0:00:05.782522,1,0.5331555604934692,0.2667040526866913,-1.2904744148254395,APOLOGIZE 
0:00:05.782522,2,0.5475374460220337,0.2717541754245758,-1.2903108596801758,APOLOGIZE 
0:00:05.782522,3,0.5633362531661987,0.2774466276168823,-1.289543867111206,APOLOGIZE 
0:00:05.782522,4,0.48653799295425415,0.25351646542549133,-1.3163946866989136,APOLOGIZE 
0:00:05.782522,5,0.46826690435409546,0.2489713877439499,-1.315982699394226,APOLOGIZE 
0:00:05.782522,6,0.44995278120040894,0.2453860491514206,-1.3168528079986572,APOLOGIZE 
0:00:05.782522,7,0.5786248445510864,0.30696171522140503,-0.7021056413650513,APOLOGIZE 
0:00:05.782522,8,0.4227384924888611,0.26927435398101807,-0.7739906907081604,APOLOGIZE 
0:00:05.782522,9,0.5196524858474731,0.37919503450393677,-1.1716701984405518,APOLOGIZE 
0:00:05.782522,10,0.4640316069126129,0.3607463240623474,-1.2008365392684937,APOLOGIZE 
0:00:05.782522,11,0.6350816488265991,0.5676732659339905,-0.22201058268547058,APOLOGIZE 
0:00:05.782522,12,0.2971361577510834,0.554341197013855,-0.6556843519210815,APOLOGIZE 
0:00:05.782522,13,0.6630178689956665,0.9403814673423767,-0.3300613760948181,APOLOGIZE 
0:00:05.782522,14,0.1743951290845871,0.9512420892715454,-0.958155632019043,APOLOGIZE 
0:00:05.782522,15,0.662744402885437,0.8601863980293274,-0.8882647752761841,APOLOGIZE 
0:00:05.782522,16,0.45065197348594666,0.8859984874725342,-1.491441011428833,APOLOGIZE 
0:00:05.782522,17,0.66548752784729,0.8471867442131042,-0.9970137476921082,APOLOGIZE 
0:00:05.782522,18,0.5261729955673218,0.8710536360740662,-1.6247583627700806,APOLOGIZE 
0:00:05.782522,19,0.6516134738922119,0.8284515142440796,-0.9577261805534363,APOLOGIZE 
0:00:05.782522,20,0.5298749208450317,0.8076452612876892,-1.5783803462982178,APOLOGIZE 
0:00:05.782522,21,0.6342474818229675,0.8404725193977356,-0.8973726034164429,APOLOGIZE 
0:00:05.782522,22,0.517166018486023,0.8059276342391968,-1.4712777137756348,APOLOGIZE 
0:00:05.782522,23,0.5481339693069458,1.275269627571106,-0.013879535719752312,APOLOGIZE 
0:00:05.782522,24,0.2896159887313843,1.2604601383209229,0.017560303211212158,APOLOGIZE 
0:00:05.782522,25,0.5285290479660034,1.8209373950958252,0.09657631814479828,APOLOGIZE 
0:00:05.782522,26,0.27541375160217285,1.799024224281311,0.27863210439682007,APOLOGIZE 
0:00:05.782522,27,0.5017616748809814,2.2850029468536377,0.7964934706687927,APOLOGIZE 
0:00:05.782522,28,0.2627672553062439,2.270763635635376,1.0319888591766357,APOLOGIZE 
0:00:05.782522,29,0.4988347887992859,2.353909492492676,0.8288687467575073,APOLOGIZE 
0:00:05.782522,30,0.2490381896495819,2.3447349071502686,1.0830193758010864,APOLOGIZE 
0:00:05.782522,31,0.4663807451725006,2.4532485008239746,0.24116507172584534,APOLOGIZE 
0:00:05.782522,32,0.3034190535545349,2.427966833114624,0.3970153033733368,APOLOGIZE 
0:00:05.844968,0,0.504013180732727,0.3122555911540985,-1.3778616189956665,APOLOGIZE 
0:00:05.844968,1,0.5347237586975098,0.26787444949150085,-1.283229112625122,APOLOGIZE 
0:00:05.844968,2,0.5493165254592896,0.2729475796222687,-1.2832399606704712,APOLOGIZE 
0:00:05.844968,3,0.5650357007980347,0.27858635783195496,-1.2827965021133423,APOLOGIZE 
0:00:05.844968,4,0.48785680532455444,0.25411516427993774,-1.3011670112609863,APOLOGIZE 
0:00:05.844968,5,0.4695541262626648,0.24937301874160767,-1.3008394241333008,APOLOGIZE 
0:00:05.844968,6,0.45108985900878906,0.24556715786457062,-1.3016375303268433,APOLOGIZE 
0:00:05.844968,7,0.5796720385551453,0.3076895475387573,-0.6942821145057678,APOLOGIZE 
0:00:05.844968,8,0.4233735501766205,0.26932987570762634,-0.7708456516265869,APOLOGIZE 
0:00:05.844968,9,0.521468997001648,0.37996408343315125,-1.1616613864898682,APOLOGIZE 
0:00:05.844968,10,0.46544066071510315,0.36114728450775146,-1.1818161010742188,APOLOGIZE 
0:00:05.844968,11,0.6370644569396973,0.5684446096420288,-0.21435049176216125,APOLOGIZE 
0:00:05.844968,12,0.29700130224227905,0.5577046871185303,-0.6069744229316711,APOLOGIZE 
0:00:05.844968,13,0.6652360558509827,0.929905891418457,-0.3768801987171173,APOLOGIZE 
0:00:05.844968,14,0.1745481938123703,0.9575341939926147,-0.9622969627380371,APOLOGIZE 
0:00:05.844968,15,0.652790367603302,0.8560816645622253,-0.9664505124092102,APOLOGIZE 
0:00:05.844968,16,0.45021429657936096,0.8865092396736145,-1.506712555885315,APOLOGIZE 
0:00:05.844968,17,0.651869535446167,0.848125159740448,-1.0809504985809326,APOLOGIZE 
0:00:05.844968,18,0.524416983127594,0.8713060617446899,-1.6452176570892334,APOLOGIZE 
0:00:05.844968,19,0.6396322250366211,0.8277319669723511,-1.0524075031280518,APOLOGIZE 
0:00:05.844968,20,0.5287584662437439,0.8077676892280579,-1.6029365062713623,APOLOGIZE 
0:00:05.844968,21,0.6226322054862976,0.836935818195343,-0.9794920682907104,APOLOGIZE 
0:00:05.844968,22,0.515579104423523,0.8060641884803772,-1.4901224374771118,APOLOGIZE 
0:00:05.844968,23,0.5493522882461548,1.2737746238708496,-0.014712916687130928,APOLOGIZE 
0:00:05.844968,24,0.29125815629959106,1.2583593130111694,0.018350590020418167,APOLOGIZE 
0:00:05.844968,25,0.5305381417274475,1.818591594696045,0.0643126517534256,APOLOGIZE 
0:00:05.844968,26,0.27748626470565796,1.7960667610168457,0.24773633480072021,APOLOGIZE 
0:00:05.844968,27,0.5036740899085999,2.2834999561309814,0.7348626255989075,APOLOGIZE 
0:00:05.844968,28,0.26417964696884155,2.2674899101257324,0.9123327136039734,APOLOGIZE 
0:00:05.844968,29,0.5007791519165039,2.3520426750183105,0.7647674083709717,APOLOGIZE 
0:00:05.844968,30,0.24927601218223572,2.340766191482544,0.9637611508369446,APOLOGIZE 
0:00:05.844968,31,0.46877264976501465,2.4511845111846924,0.1748138964176178,APOLOGIZE 
0:00:05.844968,32,0.3080054521560669,2.4243998527526855,0.28916576504707336,APOLOGIZE 
0:00:05.890723,0,0.5059451460838318,0.31629177927970886,-1.3761290311813354,APOLOGIZE 
0:00:05.890723,1,0.5366817116737366,0.27224990725517273,-1.2702114582061768,APOLOGIZE 
0:00:05.890723,2,0.5516048669815063,0.2772262394428253,-1.2701942920684814,APOLOGIZE 
0:00:05.890723,3,0.5670551657676697,0.28246384859085083,-1.2695930004119873,APOLOGIZE 
0:00:05.890723,4,0.48948797583580017,0.2565811574459076,-1.29964280128479,APOLOGIZE 
0:00:05.890723,5,0.4711293578147888,0.25106510519981384,-1.2993836402893066,APOLOGIZE 
0:00:05.890723,6,0.45254212617874146,0.24659112095832825,-1.300018548965454,APOLOGIZE 
0:00:05.890723,7,0.5811274647712708,0.3092772662639618,-0.676603376865387,APOLOGIZE 
0:00:05.890723,8,0.4240259528160095,0.26961490511894226,-0.7696701288223267,APOLOGIZE 
0:00:05.890723,9,0.5229755640029907,0.38394489884376526,-1.143303632736206,APOLOGIZE 
0:00:05.890723,10,0.46732592582702637,0.36415088176727295,-1.1806623935699463,APOLOGIZE 
0:00:05.890723,11,0.6372140645980835,0.5687090754508972,-0.18448007106781006,APOLOGIZE 
0:00:05.890723,12,0.29681307077407837,0.5590918660163879,-0.5877004861831665,APOLOGIZE 
0:00:05.890723,13,0.667248010635376,0.9250416159629822,-0.35031431913375854,APOLOGIZE 
0:00:05.890723,14,0.1722075641155243,0.9598261713981628,-0.9687037467956543,APOLOGIZE 
0:00:05.890723,15,0.6428942084312439,0.8234690427780151,-0.912458062171936,APOLOGIZE 
0:00:05.890723,16,0.4481981694698334,0.8814433813095093,-1.5161348581314087,APOLOGIZE 
0:00:05.890723,17,0.634759783744812,0.8100574612617493,-1.024935245513916,APOLOGIZE 
0:00:05.890723,18,0.524134635925293,0.869828999042511,-1.6602420806884766,APOLOGIZE 
0:00:05.890723,19,0.6256043910980225,0.7828252911567688,-1.004442811012268,APOLOGIZE 
0:00:05.890723,20,0.5279465317726135,0.8072596192359924,-1.6222749948501587,APOLOGIZE 
0:00:05.890723,21,0.6113466024398804,0.7947272658348083,-0.9261597394943237,APOLOGIZE 
0:00:05.890723,22,0.5145949125289917,0.8042842149734497,-1.5044071674346924,APOLOGIZE 
0:00:05.890723,23,0.5498887896537781,1.27570641040802,-0.01133188046514988,APOLOGIZE 
0:00:05.890723,24,0.28623348474502563,1.263174057006836,0.015150892548263073,APOLOGIZE 
0:00:05.890723,25,0.5336084365844727,1.81987726688385,0.06764062494039536,APOLOGIZE 
0:00:05.890723,26,0.27979332208633423,1.7993437051773071,0.23043420910835266,APOLOGIZE 
0:00:05.890723,27,0.5096598863601685,2.2844841480255127,0.7364886403083801,APOLOGIZE 
0:00:05.890723,28,0.26763060688972473,2.2686281204223633,0.8945090174674988,APOLOGIZE 
0:00:05.890723,29,0.5069674849510193,2.3523902893066406,0.7674775123596191,APOLOGIZE 
0:00:05.890723,30,0.25191670656204224,2.341304302215576,0.9493485689163208,APOLOGIZE 
0:00:05.890723,31,0.4770340025424957,2.4515504837036133,0.18749172985553741,APOLOGIZE 
0:00:05.890723,32,0.3138124346733093,2.424333095550537,0.28198131918907166,APOLOGIZE 
0:00:05.936026,0,0.5070204734802246,0.3187844157218933,-1.3829219341278076,APOLOGIZE 
0:00:05.936026,1,0.5377730131149292,0.2747558653354645,-1.2890334129333496,APOLOGIZE 
0:00:05.936026,2,0.5528637170791626,0.279761403799057,-1.2890511751174927,APOLOGIZE 
0:00:05.936026,3,0.568210780620575,0.2848659157752991,-1.2885223627090454,APOLOGIZE 
0:00:05.936026,4,0.4902704656124115,0.2580491006374359,-1.3163717985153198,APOLOGIZE 
0:00:05.936026,5,0.47180166840553284,0.25210049748420715,-1.3161489963531494,APOLOGIZE 
0:00:05.936026,6,0.4531822204589844,0.2472790777683258,-1.3169677257537842,APOLOGIZE 
0:00:05.936026,7,0.5820000171661377,0.3103531301021576,-0.693899929523468,APOLOGIZE 
0:00:05.936026,8,0.4243486821651459,0.2698327898979187,-0.8054004907608032,APOLOGIZE 
0:00:05.936026,9,0.5239013433456421,0.3863687813282013,-1.1562814712524414,APOLOGIZE 
0:00:05.936026,10,0.46847957372665405,0.366422563791275,-1.1900403499603271,APOLOGIZE 
0:00:05.936026,11,0.6374372243881226,0.5695489048957825,-0.2006993293762207,APOLOGIZE 
0:00:05.936026,12,0.29674485325813293,0.5609633326530457,-0.6074613332748413,APOLOGIZE 
0:00:05.936026,13,0.6684030294418335,0.9316623210906982,-0.2633003294467926,APOLOGIZE 
0:00:05.936026,14,0.1720510870218277,0.9618036150932312,-0.9974766969680786,APOLOGIZE 
0:00:05.936026,15,0.6391952633857727,0.8992184996604919,-0.7862112522125244,APOLOGIZE 
0:00:05.936026,16,0.44395413994789124,0.8774647116661072,-1.568281888961792,APOLOGIZE 
0:00:05.936026,17,0.6301496028900146,0.9103170037269592,-0.8873565793037415,APOLOGIZE 
0:00:05.936026,18,0.5214685201644897,0.8689448237419128,-1.7121385335922241,APOLOGIZE 
0:00:05.936026,19,0.621036946773529,0.882706880569458,-0.8696346282958984,APOLOGIZE 
0:00:05.936026,20,0.5277944207191467,0.8062677979469299,-1.6739803552627563,APOLOGIZE 
0:00:05.936026,21,0.6079500913619995,0.8832781314849854,-0.7990158200263977,APOLOGIZE 
0:00:05.936026,22,0.5143224000930786,0.8021114468574524,-1.5534411668777466,APOLOGIZE 
0:00:05.936026,23,0.5499271154403687,1.2791939973831177,-0.0059059695340693,APOLOGIZE 
0:00:05.936026,24,0.2892143130302429,1.268174648284912,0.009776009246706963,APOLOGIZE 
0:00:05.936026,25,0.5364749431610107,1.8220322132110596,0.07489544153213501,APOLOGIZE 
0:00:05.936026,26,0.28223052620887756,1.8033164739608765,0.22078478336334229,APOLOGIZE 
0:00:05.936026,27,0.5154158473014832,2.287494421005249,0.765829861164093,APOLOGIZE 
0:00:05.936026,28,0.2711990475654602,2.272942066192627,0.8942052721977234,APOLOGIZE 
0:00:05.936026,29,0.5131410360336304,2.35510516166687,0.7991381883621216,APOLOGIZE 
0:00:05.936026,30,0.2552737593650818,2.345567464828491,0.946117103099823,APOLOGIZE 
0:00:05.936026,31,0.48340120911598206,2.453981637954712,0.21416708827018738,APOLOGIZE 
0:00:05.936026,32,0.31854304671287537,2.4268808364868164,0.27980566024780273,APOLOGIZE 
0:00:06.004830,0,0.5071514844894409,0.32251816987991333,-1.4590152502059937,APOLOGIZE 
0:00:06.004830,1,0.5379053354263306,0.2782157063484192,-1.3757473230361938,APOLOGIZE 
0:00:06.004830,2,0.5528567433357239,0.28321129083633423,-1.375754714012146,APOLOGIZE 
0:00:06.004830,3,0.5681585073471069,0.288245290517807,-1.3753197193145752,APOLOGIZE 
0:00:06.004830,4,0.4905826151371002,0.2606324255466461,-1.4015203714370728,APOLOGIZE 
0:00:06.004830,5,0.47215336561203003,0.2541067600250244,-1.4013972282409668,APOLOGIZE 
0:00:06.004830,6,0.4535774290561676,0.24872490763664246,-1.4022514820098877,APOLOGIZE 
0:00:06.004830,7,0.5819432735443115,0.31271085143089294,-0.7983416318893433,APOLOGIZE 
0:00:06.004830,8,0.4244410991668701,0.2705993056297302,-0.9073961973190308,APOLOGIZE 
0:00:06.004830,9,0.5238909125328064,0.3902893662452698,-1.2362831830978394,APOLOGIZE 
0:00:06.004830,10,0.46853676438331604,0.36927393078804016,-1.2688624858856201,APOLOGIZE 
0:00:06.004830,11,0.6370789408683777,0.5720084309577942,-0.26851773262023926,APOLOGIZE 
0:00:06.004830,12,0.2967023253440857,0.5623471140861511,-0.6850872039794922,APOLOGIZE 
0:00:06.004830,13,0.6679708361625671,0.9536647200584412,-0.07286334782838821,APOLOGIZE 
0:00:06.004830,14,0.1727016568183899,0.9617081880569458,-1.037833571434021,APOLOGIZE 
0:00:06.004830,15,0.6489108800888062,1.1821072101593018,-0.4293195605278015,APOLOGIZE 
0:00:06.004830,16,0.4418002963066101,0.8770340085029602,-1.662515640258789,APOLOGIZE 
0:00:06.004830,17,0.6538392901420593,1.2749991416931152,-0.514024555683136,APOLOGIZE 
0:00:06.004830,18,0.5191765427589417,0.8694894909858704,-1.8251638412475586,APOLOGIZE 
0:00:06.004830,19,0.6410732269287109,1.252221703529358,-0.5865768194198608,APOLOGIZE 
0:00:06.004830,20,0.5258919596672058,0.8061979413032532,-1.814145803451538,APOLOGIZE 
0:00:06.004830,21,0.6262600421905518,1.2172361612319946,-0.4748692512512207,APOLOGIZE 
0:00:06.004830,22,0.5123417973518372,0.8015420436859131,-1.6608459949493408,APOLOGIZE 
0:00:06.004830,23,0.5496900081634521,1.2858742475509644,0.005765742622315884,APOLOGIZE 
0:00:06.004830,24,0.2903396785259247,1.2731597423553467,-0.0020566177554428577,APOLOGIZE 
0:00:06.004830,25,0.5365563631057739,1.8286837339401245,0.14223289489746094,APOLOGIZE 
0:00:06.004830,26,0.2826070785522461,1.8097786903381348,0.21026620268821716,APOLOGIZE 
0:00:06.004830,27,0.5160434246063232,2.297572374343872,0.9012601971626282,APOLOGIZE 
0:00:06.004830,28,0.2724321484565735,2.284771203994751,0.893559455871582,APOLOGIZE 
0:00:06.004830,29,0.5138702392578125,2.3657314777374268,0.9393528699874878,APOLOGIZE 
0:00:06.004830,30,0.25723350048065186,2.3578693866729736,0.9460762739181519,APOLOGIZE 
0:00:06.004830,31,0.48345938324928284,2.4637582302093506,0.3374093174934387,APOLOGIZE 
0:00:06.004830,32,0.3170282542705536,2.4367408752441406,0.280074805021286,APOLOGIZE 
0:00:06.081219,0,0.5072733163833618,0.3244725465774536,-1.4605181217193604,APOLOGIZE 
0:00:06.081219,1,0.5380988121032715,0.2804507315158844,-1.3788015842437744,APOLOGIZE 
0:00:06.081219,2,0.5530183911323547,0.2856465280056,-1.3788286447525024,APOLOGIZE 
0:00:06.081219,3,0.5683528184890747,0.29084622859954834,-1.378482699394226,APOLOGIZE 
0:00:06.081219,4,0.4908408522605896,0.2622588276863098,-1.4049514532089233,APOLOGIZE 
0:00:06.081219,5,0.47238120436668396,0.2554389536380768,-1.4048702716827393,APOLOGIZE 
0:00:06.081219,6,0.45382529497146606,0.2497878223657608,-1.405750036239624,APOLOGIZE 
0:00:06.081219,7,0.5820717215538025,0.3146562874317169,-0.8075908422470093,APOLOGIZE 
0:00:06.081219,8,0.4245949685573578,0.27111271023750305,-0.9184709787368774,APOLOGIZE 
0:00:06.081219,9,0.5239012241363525,0.3925686776638031,-1.239691972732544,APOLOGIZE 
0:00:06.081219,10,0.46856364607810974,0.3709738552570343,-1.272706389427185,APOLOGIZE 
0:00:06.081219,11,0.6360618472099304,0.5739285945892334,-0.2806705832481384,APOLOGIZE 
0:00:06.081219,12,0.2967696785926819,0.5629948973655701,-0.6973012685775757,APOLOGIZE 
0:00:06.081219,13,0.6668353080749512,0.9637612104415894,-0.02709862031042576,APOLOGIZE 
0:00:06.081219,14,0.172855943441391,0.9605177640914917,-1.0179563760757446,APOLOGIZE 
0:00:06.081219,15,0.6581178307533264,1.2587993144989014,-0.3717273473739624,APOLOGIZE 
0:00:06.081219,16,0.438790887594223,0.8765442371368408,-1.6295411586761475,APOLOGIZE 
0:00:06.081219,17,0.6710044145584106,1.3632235527038574,-0.45373544096946716,APOLOGIZE 
0:00:06.081219,18,0.515842080116272,0.871006190776825,-1.7863191366195679,APOLOGIZE 
0:00:06.081219,19,0.6561938524246216,1.3478528261184692,-0.5413870215415955,APOLOGIZE 
0:00:06.081219,20,0.5230857729911804,0.8080755472183228,-1.7740514278411865,APOLOGIZE 
0:00:06.081219,21,0.6389935612678528,1.308026671409607,-0.4232702851295471,APOLOGIZE 
0:00:06.081219,22,0.5090123414993286,0.8023316860198975,-1.625661849975586,APOLOGIZE 
0:00:06.081219,23,0.5484442710876465,1.2882053852081299,0.017903344705700874,APOLOGIZE 
0:00:06.081219,24,0.29111480712890625,1.276276707649231,-0.014433945529162884,APOLOGIZE 
0:00:06.081219,25,0.5362702012062073,1.8343435525894165,0.15673431754112244,APOLOGIZE 
0:00:06.081219,26,0.2824014723300934,1.8130124807357788,0.18724261224269867,APOLOGIZE 
0:00:06.081219,27,0.5150052905082703,2.3064873218536377,0.9091235995292664,APOLOGIZE 
0:00:06.081219,28,0.27202221751213074,2.29347825050354,0.875847339630127,APOLOGIZE 
0:00:06.081219,29,0.5127379894256592,2.375251054763794,0.9463898539543152,APOLOGIZE 
0:00:06.081219,30,0.25718873739242554,2.3668713569641113,0.9270983934402466,APOLOGIZE 
0:00:06.081219,31,0.48183050751686096,2.4718921184539795,0.3437281548976898,APOLOGIZE 
0:00:06.081219,32,0.31676623225212097,2.4450230598449707,0.2549789547920227,APOLOGIZE 
0:00:06.154093,0,0.5073229670524597,0.3233760595321655,-1.4340976476669312,APOLOGIZE 
0:00:06.154093,1,0.5380784869194031,0.2798922657966614,-1.3513343334197998,APOLOGIZE 
0:00:06.154093,2,0.5529456734657288,0.28538939356803894,-1.3513984680175781,APOLOGIZE 
0:00:06.154093,3,0.5682846307754517,0.2907573878765106,-1.351073980331421,APOLOGIZE 
0:00:06.154093,4,0.4908357262611389,0.2617841362953186,-1.3753843307495117,APOLOGIZE 
0:00:06.154093,5,0.47237077355384827,0.25515517592430115,-1.3753341436386108,APOLOGIZE 
0:00:06.154093,6,0.45380622148513794,0.24960225820541382,-1.3762186765670776,APOLOGIZE 
0:00:06.154093,7,0.5821729898452759,0.3148483335971832,-0.7863722443580627,APOLOGIZE 
0:00:06.154093,8,0.42458099126815796,0.2708578407764435,-0.886376678943634,APOLOGIZE 
0:00:06.154093,9,0.5239291787147522,0.3918897807598114,-1.2165230512619019,APOLOGIZE 
0:00:06.154093,10,0.4685437083244324,0.37026748061180115,-1.246835470199585,APOLOGIZE 
0:00:06.154093,11,0.6355937123298645,0.5740538835525513,-0.27940651774406433,APOLOGIZE 
0:00:06.154093,12,0.29674339294433594,0.563140869140625,-0.670893669128418,APOLOGIZE 
0:00:06.154093,13,0.66221684217453,0.9642321467399597,-0.01864359714090824,APOLOGIZE 
0:00:06.154093,14,0.1729598343372345,0.9599706530570984,-0.9879361391067505,APOLOGIZE 
0:00:06.154093,15,0.6607872843742371,1.2614294290542603,-0.36358851194381714,APOLOGIZE 
0:00:06.154093,16,0.439026415348053,0.8753339052200317,-1.5284159183502197,APOLOGIZE 
0:00:06.154093,17,0.6754049062728882,1.3642792701721191,-0.44248437881469727,APOLOGIZE 
0:00:06.154093,18,0.5154973864555359,0.8690256476402283,-1.6786959171295166,APOLOGIZE 
0:00:06.154093,19,0.6606769561767578,1.3505924940109253,-0.5293081402778625,APOLOGIZE 
0:00:06.154093,20,0.5230096578598022,0.8060649633407593,-1.676786184310913,APOLOGIZE 
0:00:06.154093,21,0.6430072784423828,1.31096613407135,-0.4139803349971771,APOLOGIZE 
0:00:06.154093,22,0.5088469982147217,0.8012102246284485,-1.5277454853057861,APOLOGIZE 
0:00:06.154093,23,0.5477320551872253,1.2907153367996216,0.021627644076943398,APOLOGIZE 
0:00:06.154093,24,0.291537344455719,1.2797614336013794,-0.018426835536956787,APOLOGIZE 
0:00:06.154093,25,0.5360090732574463,1.840616226196289,0.16183999180793762,APOLOGIZE 
0:00:06.154093,26,0.28145769238471985,1.8171322345733643,0.18717440962791443,APOLOGIZE 
0:00:06.154093,27,0.5147708058357239,2.313438892364502,0.9234839677810669,APOLOGIZE 
0:00:06.154093,28,0.2716996371746063,2.297724723815918,0.8924212455749512,APOLOGIZE 
0:00:06.154093,29,0.512346625328064,2.382077932357788,0.9623626470565796,APOLOGIZE 
0:00:06.154093,30,0.25709494948387146,2.3697702884674072,0.9465123414993286,APOLOGIZE 
0:00:06.154093,31,0.48199883103370667,2.4787404537200928,0.36769333481788635,APOLOGIZE 
0:00:06.154093,32,0.3156319558620453,2.4505958557128906,0.2815110385417938,APOLOGIZE 
0:00:06.214009,0,0.5075932145118713,0.3225392699241638,-1.436905860900879,APOLOGIZE 
0:00:06.214009,1,0.5381664037704468,0.27908724546432495,-1.3525934219360352,APOLOGIZE 
0:00:06.214009,2,0.5529696345329285,0.28475961089134216,-1.352687120437622,APOLOGIZE 
0:00:06.214009,3,0.5683296322822571,0.29042455554008484,-1.3523865938186646,APOLOGIZE 
0:00:06.214009,4,0.490972101688385,0.26130712032318115,-1.378283977508545,APOLOGIZE 
0:00:06.214009,5,0.47252970933914185,0.2548748254776001,-1.3782703876495361,APOLOGIZE 
0:00:06.214009,6,0.4539097249507904,0.24940501153469086,-1.3791767358779907,APOLOGIZE 
0:00:06.214009,7,0.5825561881065369,0.3148680329322815,-0.7836733460426331,APOLOGIZE 
0:00:06.214009,8,0.42465996742248535,0.27055874466896057,-0.8908970952033997,APOLOGIZE 
0:00:06.214009,9,0.524196982383728,0.391047865152359,-1.2183917760849,APOLOGIZE 
0:00:06.214009,10,0.468590646982193,0.3697841465473175,-1.2508769035339355,APOLOGIZE 
0:00:06.214009,11,0.6353254318237305,0.5740235447883606,-0.27878448367118835,APOLOGIZE 
0:00:06.214009,12,0.296818345785141,0.5631837248802185,-0.6766695380210876,APOLOGIZE 
0:00:06.214009,13,0.6576361656188965,0.9656226634979248,-0.01673995330929756,APOLOGIZE 
0:00:06.214009,14,0.17327843606472015,0.9592272639274597,-0.9837064743041992,APOLOGIZE 
0:00:06.214009,15,0.6668661832809448,1.2803536653518677,-0.3543054461479187,APOLOGIZE 
0:00:06.214009,16,0.43941521644592285,0.875840425491333,-1.5356134176254272,APOLOGIZE 
0:00:06.214009,17,0.6828818917274475,1.3877811431884766,-0.43277907371520996,APOLOGIZE 
0:00:06.214009,18,0.515116810798645,0.8680675029754639,-1.6873838901519775,APOLOGIZE 
0:00:06.214009,19,0.6664494276046753,1.3762270212173462,-0.5195413827896118,APOLOGIZE 
0:00:06.214009,20,0.5227943658828735,0.8048617839813232,-1.6806724071502686,APOLOGIZE 
0:00:06.214009,21,0.6481035947799683,1.3348000049591064,-0.40478867292404175,APOLOGIZE 
0:00:06.214009,22,0.508533775806427,0.8014528155326843,-1.5343469381332397,APOLOGIZE 
0:00:06.214009,23,0.5469955801963806,1.2920149564743042,0.022919761016964912,APOLOGIZE 
0:00:06.214009,24,0.2919255793094635,1.2822058200836182,-0.019772903993725777,APOLOGIZE 
0:00:06.214009,25,0.5359188318252563,1.843509554862976,0.17690543830394745,APOLOGIZE 
0:00:06.214009,26,0.2810267508029938,1.8186485767364502,0.18989036977291107,APOLOGIZE 
0:00:06.214009,27,0.5142561197280884,2.317272186279297,0.9389992952346802,APOLOGIZE 
0:00:06.214009,28,0.27147403359413147,2.300950050354004,0.8949238061904907,APOLOGIZE 
0:00:06.214009,29,0.5117907524108887,2.3864974975585938,0.9775058031082153,APOLOGIZE 
0:00:06.214009,30,0.25691506266593933,2.3736345767974854,0.9486418962478638,APOLOGIZE 
0:00:06.214009,31,0.4812471866607666,2.482102870941162,0.37988340854644775,APOLOGIZE 
0:00:06.214009,32,0.3154260218143463,2.4535930156707764,0.2849404215812683,APOLOGIZE 
0:00:06.284535,0,0.5076342821121216,0.32247117161750793,-1.4264453649520874,APOLOGIZE 
0:00:06.284535,1,0.5381560325622559,0.27897903323173523,-1.3426506519317627,APOLOGIZE 
0:00:06.284535,2,0.5529258847236633,0.2845565676689148,-1.3427399396896362,APOLOGIZE 
0:00:06.284535,3,0.5682777166366577,0.29018279910087585,-1.3424301147460938,APOLOGIZE 
0:00:06.284535,4,0.4911574721336365,0.2613026797771454,-1.3665852546691895,APOLOGIZE 
0:00:06.284535,5,0.47283849120140076,0.25491878390312195,-1.366530418395996,APOLOGIZE 
0:00:06.284535,6,0.45419543981552124,0.2494606226682663,-1.3674135208129883,APOLOGIZE 
0:00:06.284535,7,0.582596480846405,0.3149320185184479,-0.7776499390602112,APOLOGIZE 
0:00:06.284535,8,0.4246903359889984,0.2708435356616974,-0.8759722709655762,APOLOGIZE 
0:00:06.284535,9,0.5241929292678833,0.3909689486026764,-1.2095134258270264,APOLOGIZE 
0:00:06.284535,10,0.46857213973999023,0.36975395679473877,-1.239510416984558,APOLOGIZE 
0:00:06.284535,11,0.6338324546813965,0.5740215182304382,-0.27344802021980286,APOLOGIZE 
0:00:06.284535,12,0.297368586063385,0.5628277659416199,-0.6622780561447144,APOLOGIZE 
0:00:06.284535,13,0.6522757411003113,0.9637102484703064,-0.015454989857971668,APOLOGIZE 
0:00:06.284535,14,0.17340412735939026,0.955016016960144,-0.967380166053772,APOLOGIZE 
0:00:06.284535,15,0.6671491861343384,1.2457090616226196,-0.35811564326286316,APOLOGIZE 
0:00:06.284535,16,0.4395771622657776,0.8793532252311707,-1.5350391864776611,APOLOGIZE 
0:00:06.284535,17,0.6819962859153748,1.3436286449432373,-0.4393940567970276,APOLOGIZE 
0:00:06.284535,18,0.5145055055618286,0.8695167899131775,-1.6889880895614624,APOLOGIZE 
0:00:06.284535,19,0.6663312315940857,1.3252842426300049,-0.5235122442245483,APOLOGIZE 
0:00:06.284535,20,0.5223523378372192,0.8069527745246887,-1.6819698810577393,APOLOGIZE 
0:00:06.284535,21,0.648485004901886,1.2880375385284424,-0.407584011554718,APOLOGIZE 
0:00:06.284535,22,0.5080133676528931,0.805588960647583,-1.5341770648956299,APOLOGIZE 
0:00:06.284535,23,0.54487544298172,1.293390154838562,0.020726216956973076,APOLOGIZE 
0:00:06.284535,24,0.29198771715164185,1.283776879310608,-0.017540916800498962,APOLOGIZE 
0:00:06.284535,25,0.5341941118240356,1.8442350625991821,0.17985941469669342,APOLOGIZE 
0:00:06.284535,26,0.27778321504592896,1.8175410032272339,0.2014576643705368,APOLOGIZE 
0:00:06.284535,27,0.5130430459976196,2.3180956840515137,0.9308740496635437,APOLOGIZE 
0:00:06.284535,28,0.27004581689834595,2.298952341079712,0.9226411581039429,APOLOGIZE 
0:00:06.284535,29,0.510349690914154,2.387364625930786,0.9685119390487671,APOLOGIZE 
0:00:06.284535,30,0.25602662563323975,2.3712270259857178,0.9779434204101562,APOLOGIZE 
0:00:06.284535,31,0.4808943271636963,2.4822394847869873,0.3710576295852661,APOLOGIZE 
0:00:06.284535,32,0.31342095136642456,2.4520411491394043,0.31707069277763367,APOLOGIZE 
0:00:06.367158,0,0.5077182054519653,0.32242637872695923,-1.4248685836791992,APOLOGIZE 
0:00:06.367158,1,0.5381704568862915,0.2788487374782562,-1.3407602310180664,APOLOGIZE 
0:00:06.367158,2,0.5528883934020996,0.28433454036712646,-1.3408520221710205,APOLOGIZE 
0:00:06.367158,3,0.5682404637336731,0.2899239957332611,-1.340551495552063,APOLOGIZE 
0:00:06.367158,4,0.49138370156288147,0.261298805475235,-1.3639891147613525,APOLOGIZE 
0:00:06.367158,5,0.4731690287590027,0.254957914352417,-1.363943338394165,APOLOGIZE 
0:00:06.367158,6,0.45451146364212036,0.2495110034942627,-1.3648312091827393,APOLOGIZE 
0:00:06.367158,7,0.582625150680542,0.3149774670600891,-0.7742527723312378,APOLOGIZE 
0:00:06.367158,8,0.4247225224971771,0.27106204628944397,-0.8692013025283813,APOLOGIZE 
0:00:06.367158,9,0.5242213010787964,0.3908660113811493,-1.2075306177139282,APOLOGIZE 
0:00:06.367158,10,0.4685909152030945,0.3697347044944763,-1.2364513874053955,APOLOGIZE 
0:00:06.367158,11,0.6332293748855591,0.5740124583244324,-0.2731151580810547,APOLOGIZE 
0:00:06.367158,12,0.2978287935256958,0.5625590085983276,-0.6562480330467224,APOLOGIZE 
0:00:06.367158,13,0.6501084566116333,0.962377667427063,-0.018941562622785568,APOLOGIZE 
0:00:06.367158,14,0.17356233298778534,0.9537824988365173,-0.961182713508606,APOLOGIZE 
0:00:06.367158,15,0.6681042313575745,1.2384988069534302,-0.3585159480571747,APOLOGIZE 
0:00:06.367158,16,0.43966183066368103,0.8808907270431519,-1.5268728733062744,APOLOGIZE 
0:00:06.367158,17,0.6827887296676636,1.3362451791763306,-0.4392430782318115,APOLOGIZE 
0:00:06.367158,18,0.5143131613731384,0.8696139454841614,-1.6808912754058838,APOLOGIZE 
0:00:06.367158,19,0.6675746440887451,1.3173191547393799,-0.5228912830352783,APOLOGIZE 
0:00:06.367158,20,0.5222881436347961,0.8072240948677063,-1.6743786334991455,APOLOGIZE 
0:00:06.367158,21,0.6499054431915283,1.2800136804580688,-0.4079776406288147,APOLOGIZE 
0:00:06.367158,22,0.5078688859939575,0.8071609735488892,-1.525776743888855,APOLOGIZE 
0:00:06.367158,23,0.5436974167823792,1.2938324213027954,0.018970994278788567,APOLOGIZE 
0:00:06.367158,24,0.28700751066207886,1.2828943729400635,-0.015736592933535576,APOLOGIZE 
0:00:06.367158,25,0.5330559611320496,1.8448295593261719,0.17385603487491608,APOLOGIZE 
0:00:06.367158,26,0.2756175100803375,1.8173059225082397,0.2128678262233734,APOLOGIZE 
0:00:06.367158,27,0.5120997428894043,2.3198952674865723,0.9209545254707336,APOLOGIZE 
0:00:06.367158,28,0.2688273787498474,2.2990403175354004,0.9354875683784485,APOLOGIZE 
0:00:06.367158,29,0.5093077421188354,2.389462947845459,0.9579851031303406,APOLOGIZE 
0:00:06.367158,30,0.2550688683986664,2.3710925579071045,0.9911591410636902,APOLOGIZE 
0:00:06.367158,31,0.48043718934059143,2.4838030338287354,0.35718950629234314,APOLOGIZE 
0:00:06.367158,32,0.3121904730796814,2.452824831008911,0.3273710608482361,APOLOGIZE 
0:00:06.447165,0,0.5076877474784851,0.3215522766113281,-1.4126185178756714,APOLOGIZE 
0:00:06.447165,1,0.5380986928939819,0.27811869978904724,-1.3286603689193726,APOLOGIZE 
0:00:06.447165,2,0.5526586771011353,0.28350910544395447,-1.3288590908050537,APOLOGIZE 
0:00:06.447165,3,0.5680205225944519,0.2890780568122864,-1.3286694288253784,APOLOGIZE 
0:00:06.447165,4,0.49137863516807556,0.2609986662864685,-1.3503073453903198,APOLOGIZE 
0:00:06.447165,5,0.4731725752353668,0.25471460819244385,-1.3504321575164795,APOLOGIZE 
0:00:06.447165,6,0.4545195698738098,0.24923834204673767,-1.3514645099639893,APOLOGIZE 
0:00:06.447165,7,0.5823338031768799,0.31494125723838806,-0.766399621963501,APOLOGIZE 
0:00:06.447165,8,0.4246896803379059,0.27078062295913696,-0.8564006090164185,APOLOGIZE 
0:00:06.447165,9,0.5240828990936279,0.3886694312095642,-1.1972224712371826,APOLOGIZE 
0:00:06.447165,10,0.4685046076774597,0.36854788661003113,-1.2251451015472412,APOLOGIZE 
0:00:06.447165,11,0.6322668194770813,0.5740665793418884,-0.2728478014469147,APOLOGIZE 
0:00:06.447165,12,0.29796311259269714,0.5613658428192139,-0.6448043584823608,APOLOGIZE 
0:00:06.447165,13,0.648362398147583,0.9658324718475342,-0.032510895282030106,APOLOGIZE 
0:00:06.447165,14,0.1737157702445984,0.9498920440673828,-0.9619674682617188,APOLOGIZE 
0:00:06.447165,15,0.6681761145591736,1.25568687915802,-0.3645933270454407,APOLOGIZE 
0:00:06.447165,16,0.4407223165035248,0.880494236946106,-1.5657596588134766,APOLOGIZE 
0:00:06.447165,17,0.6820655465126038,1.3607665300369263,-0.44070473313331604,APOLOGIZE 
0:00:06.447165,18,0.5142187476158142,0.8694078326225281,-1.7237093448638916,APOLOGIZE 
0:00:06.447165,19,0.6669812202453613,1.3450486660003662,-0.524844765663147,APOLOGIZE 
0:00:06.447165,20,0.5221558213233948,0.8068760633468628,-1.7152626514434814,APOLOGIZE 
0:00:06.447165,21,0.6495862603187561,1.3039488792419434,-0.4122123122215271,APOLOGIZE 
0:00:06.447165,22,0.5076900720596313,0.8065318465232849,-1.5656871795654297,APOLOGIZE 
0:00:06.447165,23,0.5428847074508667,1.2960230112075806,0.018218044191598892,APOLOGIZE 
0:00:06.447165,24,0.2872309386730194,1.284995198249817,-0.015049181878566742,APOLOGIZE 
0:00:06.447165,25,0.5326732397079468,1.8489620685577393,0.12285362184047699,APOLOGIZE 
0:00:06.447165,26,0.2736361622810364,1.821743369102478,0.21279053390026093,APOLOGIZE 
0:00:06.447165,27,0.5121640563011169,2.3238418102264404,0.9015368223190308,APOLOGIZE 
0:00:06.447165,28,0.2687152028083801,2.3036704063415527,0.9532184600830078,APOLOGIZE 
0:00:06.447165,29,0.5094271302223206,2.393021583557129,0.9446252584457397,APOLOGIZE 
0:00:06.447165,30,0.25544360280036926,2.374875068664551,1.0109326839447021,APOLOGIZE 
0:00:06.447165,31,0.4803873896598816,2.489867687225342,0.3450087904930115,APOLOGIZE 
0:00:06.447165,32,0.3114998936653137,2.458951473236084,0.35851630568504333,APOLOGIZE 
0:00:06.528742,0,0.50767982006073,0.3209327161312103,-1.4117496013641357,APOLOGIZE 
0:00:06.528742,1,0.538061261177063,0.27760472893714905,-1.3269730806350708,APOLOGIZE 
0:00:06.528742,2,0.5525165796279907,0.2829422950744629,-1.3272336721420288,APOLOGIZE 
0:00:06.528742,3,0.5678893327713013,0.2885083854198456,-1.3270964622497559,APOLOGIZE 
0:00:06.528742,4,0.4913775324821472,0.2608000934123993,-1.348828673362732,APOLOGIZE 
0:00:06.528742,5,0.47317877411842346,0.25456851720809937,-1.349043369293213,APOLOGIZE 
0:00:06.528742,6,0.45452842116355896,0.24908386170864105,-1.3501458168029785,APOLOGIZE 
0:00:06.528742,7,0.5821772813796997,0.3149396777153015,-0.7639538049697876,APOLOGIZE 
0:00:06.528742,8,0.4246681332588196,0.2706317901611328,-0.8561846017837524,APOLOGIZE 
0:00:06.528742,9,0.5240374207496643,0.38728609681129456,-1.1962541341781616,APOLOGIZE 
0:00:06.528742,10,0.468467652797699,0.3678024411201477,-1.2249438762664795,APOLOGIZE 
0:00:06.528742,11,0.6316336393356323,0.5747467279434204,-0.27272775769233704,APOLOGIZE 
0:00:06.528742,12,0.298017680644989,0.5610378980636597,-0.6436363458633423,APOLOGIZE 
0:00:06.528742,13,0.6483168601989746,0.969214677810669,-0.030413547530770302,APOLOGIZE 
0:00:06.528742,14,0.1737672984600067,0.949519157409668,-0.9782570004463196,APOLOGIZE 
0:00:06.528742,15,0.669674277305603,1.2847142219543457,-0.3588840365409851,APOLOGIZE 
0:00:06.528742,16,0.4410979747772217,0.8801981210708618,-1.6199016571044922,APOLOGIZE 
0:00:06.528742,17,0.6832778453826904,1.3953914642333984,-0.43312233686447144,APOLOGIZE 
0:00:06.528742,18,0.5140680074691772,0.8692368268966675,-1.7799469232559204,APOLOGIZE 
0:00:06.528742,19,0.6677494645118713,1.3840113878250122,-0.5187082290649414,APOLOGIZE 
0:00:06.528742,20,0.5220530033111572,0.8065571188926697,-1.7705094814300537,APOLOGIZE 
0:00:06.528742,21,0.650426983833313,1.340130090713501,-0.40647783875465393,APOLOGIZE 
0:00:06.528742,22,0.5075457096099854,0.8060659170150757,-1.6200969219207764,APOLOGIZE 
0:00:06.528742,23,0.5426387786865234,1.3013094663619995,0.01900472678244114,APOLOGIZE 
0:00:06.528742,24,0.2873809337615967,1.2887846231460571,-0.015994079411029816,APOLOGIZE 
0:00:06.528742,25,0.5325887203216553,1.8543864488601685,0.09319330751895905,APOLOGIZE 
0:00:06.528742,26,0.27315816283226013,1.827327013015747,0.2090860903263092,APOLOGIZE 
0:00:06.528742,27,0.512698769569397,2.3287246227264404,0.8886421918869019,APOLOGIZE 
0:00:06.528742,28,0.2690829634666443,2.3100876808166504,0.9517045021057129,APOLOGIZE 
0:00:06.528742,29,0.5100573301315308,2.397526741027832,0.9361985325813293,APOLOGIZE 
0:00:06.528742,30,0.2567732334136963,2.3811628818511963,1.0093141794204712,APOLOGIZE 
0:00:06.528742,31,0.4811214506626129,2.4956395626068115,0.3388408124446869,APOLOGIZE 
0:00:06.528742,32,0.31131720542907715,2.465561866760254,0.3605040907859802,APOLOGIZE 
